 15.7  15.8  15.9  16.0  16.1  16.2  16.3  16.4  16.5  16.6  16.7  16.8  16.9  17.0  17.1  17.2  17.3  17.4  17.5  17.6  17.7  17.8  17.9  18.0  18.1  18.2  18.3  18.4  18.5  18.6  18.7  18.8  18.9  19.0  19.1  19.2  19.3  19.4  19.5  19.6  19.7  19.8  19.9  20.0  20.1  20.2  20.3  20.4  20.5  20.6  20.7  20.8  20.9  21.0  21.1  21.2  21.3  21.4  21.5  21.6  21.7  21.8  21.9  22.0  22.1  22.2  22.3  22.4  22.5  22.6  22.7  22.8  22.9  23.0  23.1  23.2  23.3  23.4  23.5  23.6  23.7  23.8  23.9  24.0  24.1  24.2  24.3  24.4  24.5  24.6  24.7  24.8  24.9  25.0  25.1  25.2  25.3  25.4  25.5  25.6  25.7  25.8  25.9  26.0  26.1  26.2  26.3 
  0.1   0.2   0.3   0.4   0.5   0.6   0.7   0.8   0.9   1.0   1.1   1.2   1.3   1.4   1.5   1.6   1.7   1.8   1.9   2.0   2.1   2.2   2.3   2.4   2.5   2.6   2.7   2.8   2.9   3.0   3.1   3.2   3.3   3.4   3.5   3.6   3.7   3.8   3.9   4.0 
      4.598e-04      4.666e-04      4.477e-04      4.114e-04      3.660e-04      3.320e-04      3.350e-04      3.511e-04      3.567e-04      3.501e-04      3.350e-04      3.134e-04      2.873e-04      2.578e-04      2.268e-04      1.961e-04      1.665e-04      1.392e-04      1.148e-04      9.488e-05      7.877e-05      6.467e-05      5.270e-05      4.276e-05      3.465e-05      2.810e-05      2.284e-05      1.862e-05      1.523e-05      1.252e-05      1.035e-05      8.569e-06      7.092e-06      5.898e-06      4.932e-06      4.143e-06      3.495e-06      2.960e-06      2.517e-06
      5.168e-04      5.334e-04      5.180e-04      4.809e-04      4.316e-04      3.946e-04      4.009e-04      4.227e-04      4.317e-04      4.257e-04      4.088e-04      3.837e-04      3.527e-04      3.171e-04      2.795e-04      2.419e-04      2.056e-04      1.719e-04      1.417e-04      1.171e-04      9.721e-05      7.976e-05      6.494e-05      5.264e-05      4.261e-05      3.451e-05      2.800e-05      2.279e-05      1.861e-05      1.527e-05      1.260e-05      1.046e-05      8.721e-06      7.266e-06      6.063e-06      5.082e-06      4.277e-06      3.614e-06      3.067e-06
      5.803e-04      6.093e-04      5.991e-04      5.619e-04      5.087e-04      4.688e-04      4.796e-04      5.088e-04      5.224e-04      5.174e-04      4.988e-04      4.697e-04      4.329e-04      3.900e-04      3.443e-04      2.983e-04      2.537e-04      2.122e-04      1.750e-04      1.445e-04      1.199e-04      9.835e-05      8.001e-05      6.479e-05      5.238e-05      4.236e-05      3.432e-05      2.789e-05      2.274e-05      1.862e-05      1.534e-05      1.271e-05      1.059e-05      8.871e-06      7.441e-06      6.233e-06      5.234e-06      4.413e-06      3.736e-06
      6.509e-04      6.955e-04      6.925e-04      6.562e-04      5.994e-04      5.568e-04      5.736e-04      6.122e-04      6.319e-04      6.287e-04      6.085e-04      5.747e-04      5.312e-04      4.795e-04      4.240e-04      3.677e-04      3.130e-04      2.619e-04      2.160e-04      1.784e-04      1.479e-04      1.212e-04      9.856e-05      7.973e-05      6.438e-05      5.200e-05      4.207e-05      3.412e-05      2.777e-05      2.271e-05      1.867e-05      1.543e-05      1.283e-05      1.073e-05      9.015e-06      7.597e-06      6.400e-06      5.388e-06      4.552e-06
      7.293e-04      7.934e-04      8.000e-04      7.660e-04      7.061e-04      6.611e-04      6.858e-04      7.363e-04      7.640e-04      7.636e-04      7.419e-04      7.031e-04      6.515e-04      5.894e-04      5.219e-04      4.532e-04      3.860e-04      3.231e-04      2.664e-04      2.201e-04      1.824e-04      1.494e-04      1.214e-04      9.809e-05      7.911e-05      6.381e-05      5.155e-05      4.174e-05      3.392e-05      2.768e-05      2.271e-05      1.874e-05      1.555e-05      1.298e-05      1.088e-05      9.154e-06      7.731e-06      6.546e-06      5.541e-06
      8.162e-04      9.043e-04      9.236e-04      8.937e-04      8.312e-04      7.845e-04      8.195e-04      8.853e-04      9.235e-04      9.272e-04      9.044e-04      8.598e-04      7.988e-04      7.242e-04      6.423e-04      5.583e-04      4.759e-04      3.985e-04      3.286e-04      2.714e-04      2.248e-04      1.841e-04      1.494e-04      1.206e-04      9.718e-05      7.828e-05      6.315e-05      5.105e-05      4.141e-05      3.373e-05      2.762e-05      2.275e-05      1.884e-05      1.569e-05      1.312e-05      1.102e-05      9.288e-06      7.856e-06      6.668e-06
      9.123e-04      1.030e-03      1.066e-03      1.042e-03      9.782e-04      9.306e-04      9.790e-04      1.064e-03      1.116e-03      1.125e-03      1.102e-03      1.051e-03      9.790e-04      8.894e-04      7.901e-04      6.876e-04      5.865e-04      4.913e-04      4.051e-04      3.346e-04      2.771e-04      2.267e-04      1.839e-04      1.483e-04      1.194e-04      9.602e-05      7.734e-05      6.243e-05      5.055e-05      4.110e-05      3.359e-05      2.761e-05      2.282e-05      1.896e-05      1.583e-05      1.326e-05      1.116e-05      9.415e-06      7.975e-06
      1.018e-03      1.172e-03      1.229e-03      1.215e-03      1.150e-03      1.103e-03      1.169e-03      1.278e-03      1.347e-03      1.365e-03      1.342e-03      1.284e-03      1.199e-03      1.092e-03      9.715e-04      8.465e-04      7.225e-04      6.055e-04      4.992e-04      4.122e-04      3.415e-04      2.792e-04      2.263e-04      1.823e-04      1.465e-04      1.177e-04      9.469e-05      7.631e-05      6.169e-05      5.007e-05      4.085e-05      3.351e-05      2.764e-05      2.292e-05      1.909e-05      1.596e-05      1.340e-05      1.128e-05      9.535e-06
      1.135e-03      1.332e-03      1.416e-03      1.415e-03      1.352e-03      1.307e-03      1.395e-03      1.535e-03      1.627e-03      1.655e-03      1.634e-03      1.568e-03      1.469e-03      1.340e-03      1.194e-03      1.042e-03      8.897e-04      7.458e-04      6.149e-04      5.077e-04      4.206e-04      3.436e-04      2.783e-04      2.240e-04      1.799e-04      1.443e-04      1.159e-04      9.326e-05      7.526e-05      6.098e-05      4.965e-05      4.065e-05      3.347e-05      2.769e-05      2.302e-05      1.921e-05      1.608e-05      1.352e-05      1.140e-05
      1.264e-03      1.513e-03      1.630e-03      1.646e-03      1.589e-03      1.548e-03      1.664e-03      1.842e-03      1.962e-03      2.006e-03      1.987e-03      1.914e-03      1.797e-03      1.643e-03      1.467e-03      1.281e-03      1.095e-03      9.183e-04      7.571e-04      6.251e-04      5.177e-04      4.228e-04      3.421e-04      2.752e-04      2.207e-04      1.769e-04      1.418e-04      1.140e-04      9.180e-05      7.425e-05      6.034e-05      4.931e-05      4.051e-05      3.346e-05      2.775e-05      2.311e-05      1.931e-05      1.619e-05      1.362e-05
      1.405e-03      1.717e-03      1.874e-03      1.915e-03      1.865e-03      1.833e-03      1.983e-03      2.209e-03      2.366e-03      2.430e-03      2.417e-03      2.335e-03      2.198e-03      2.014e-03      1.801e-03      1.574e-03      1.347e-03      1.130e-03      9.317e-04      7.692e-04      6.370e-04      5.202e-04      4.205e-04      3.379e-04      2.707e-04      2.167e-04      1.735e-04      1.392e-04      1.119e-04      9.038e-05      7.331e-05      5.979e-05      4.903e-05      4.041e-05      3.345e-05      2.779e-05      2.317e-05      1.939e-05      1.628e-05
      1.559e-03      1.945e-03      2.154e-03      2.225e-03      2.188e-03      2.168e-03      2.363e-03      2.648e-03      2.851e-03      2.941e-03      2.936e-03      2.846e-03      2.687e-03      2.467e-03      2.209e-03      1.934e-03      1.656e-03      1.390e-03      1.146e-03      9.460e-04      7.833e-04      6.395e-04      5.166e-04      4.148e-04      3.319e-04      2.653e-04      2.122e-04      1.699e-04      1.365e-04      1.100e-04      8.905e-05      7.249e-05      5.932e-05      4.879e-05      4.030e-05      3.341e-05      2.780e-05      2.321e-05      1.945e-05
      1.726e-03      2.202e-03      2.473e-03      2.584e-03      2.565e-03      2.562e-03      2.812e-03      3.171e-03      3.432e-03      3.558e-03      3.565e-03      3.467e-03      3.281e-03      3.019e-03      2.709e-03      2.374e-03      2.034e-03      1.708e-03      1.408e-03      1.163e-03      9.627e-04      7.858e-04      6.345e-04      5.089e-04      4.068e-04      3.248e-04      2.594e-04      2.074e-04      1.663e-04      1.338e-04      1.081e-04      8.785e-05      7.175e-05      5.889e-05      4.855e-05      4.017e-05      3.335e-05      2.778e-05      2.323e-05
      1.909e-03      2.489e-03      2.836e-03      2.997e-03      3.004e-03      3.026e-03      3.345e-03      3.795e-03      4.129e-03      4.300e-03      4.325e-03      4.220e-03      4.004e-03      3.692e-03      3.318e-03      2.912e-03      2.497e-03      2.098e-03      1.730e-03      1.428e-03      1.182e-03      9.648e-04      7.789e-04      6.240e-04      4.983e-04      3.974e-04      3.170e-04      2.531e-04      2.026e-04      1.627e-04      1.313e-04      1.064e-04      8.676e-05      7.107e-05      5.847e-05      4.827e-05      3.999e-05      3.325e-05      2.774e-05
      2.106e-03      2.809e-03      3.248e-03      3.473e-03      3.515e-03      3.570e-03      3.975e-03      4.537e-03      4.963e-03      5.191e-03      5.242e-03      5.131e-03      4.882e-03      4.511e-03      4.061e-03      3.568e-03      3.063e-03      2.574e-03      2.123e-03      1.753e-03      1.451e-03      1.184e-03      9.554e-04      7.649e-04      6.101e-04      4.860e-04      3.871e-04      3.087e-04      2.467e-04      1.978e-04      1.593e-04      1.289e-04      1.049e-04      8.574e-05      7.039e-05      5.800e-05      4.795e-05      3.978e-05      3.312e-05
      2.319e-03      3.165e-03      3.716e-03      4.020e-03      4.108e-03      4.208e-03      4.719e-03      5.419e-03      5.959e-03      6.261e-03      6.347e-03      6.232e-03      5.945e-03      5.506e-03      4.964e-03      4.368e-03      3.752e-03      3.155e-03      2.603e-03      2.150e-03      1.780e-03      1.452e-03      1.171e-03      9.373e-04      7.466e-04      5.941e-04      4.726e-04      3.763e-04      3.002e-04      2.403e-04      1.932e-04      1.561e-04      1.267e-04      1.034e-04      8.472e-05      6.966e-05      5.747e-05      4.758e-05      3.953e-05
      2.549e-03      3.561e-03      4.245e-03      4.647e-03      4.797e-03      4.955e-03      5.597e-03      6.466e-03      7.147e-03      7.542e-03      7.675e-03      7.559e-03      7.231e-03      6.711e-03      6.062e-03      5.340e-03      4.592e-03      3.864e-03      3.188e-03      2.633e-03      2.181e-03      1.779e-03      1.434e-03      1.147e-03      9.132e-04      7.258e-04      5.767e-04      4.585e-04      3.653e-04      2.919e-04      2.343e-04      1.889e-04      1.531e-04      1.247e-04      1.019e-04      8.364e-05      6.886e-05      5.689e-05      4.717e-05
      2.798e-03      4.000e-03      4.843e-03      5.365e-03      5.594e-03      5.828e-03      6.629e-03      7.705e-03      8.560e-03      9.074e-03      9.267e-03      9.157e-03      8.782e-03      8.168e-03      7.391e-03      6.520e-03      5.612e-03      4.725e-03      3.900e-03      3.222e-03      2.670e-03      2.177e-03      1.755e-03      1.403e-03      1.117e-03      8.860e-04      7.032e-04      5.584e-04      4.442e-04      3.544e-04      2.839e-04      2.285e-04      1.849e-04      1.502e-04      1.226e-04      1.004e-04      8.249e-05      6.800e-05      5.626e-05
      3.065e-03      4.484e-03      5.515e-03      6.185e-03      6.514e-03      6.845e-03      7.842e-03      9.168e-03      1.024e-02      1.090e-02      1.117e-02      1.107e-02      1.065e-02      9.926e-03      8.997e-03      7.947e-03      6.848e-03      5.770e-03      4.765e-03      3.938e-03      3.264e-03      2.662e-03      2.146e-03      1.715e-03      1.364e-03      1.081e-03      8.569e-04      6.796e-04      5.398e-04      4.300e-04      3.439e-04      2.764e-04      2.231e-04      1.810e-04      1.474e-04      1.205e-04      9.877e-05      8.126e-05      6.709e-05
      3.352e-03      5.017e-03      6.270e-03      7.120e-03      7.574e-03      8.028e-03      9.262e-03      1.089e-02      1.222e-02      1.307e-02      1.345e-02      1.337e-02      1.289e-02      1.204e-02      1.093e-02      9.670e-03      8.342e-03      7.034e-03      5.811e-03      4.806e-03      3.985e-03      3.252e-03      2.620e-03      2.094e-03      1.664e-03      1.318e-03      1.043e-03      8.265e-04      6.556e-04      5.215e-04      4.164e-04      3.340e-04      2.692e-04      2.179e-04      1.771e-04      1.445e-04      1.182e-04      9.706e-05      7.997e-05
      3.660e-03      5.602e-03      7.116e-03      8.181e-03      8.793e-03      9.399e-03      1.092e-02      1.292e-02      1.457e-02      1.564e-02      1.615e-02      1.610e-02      1.556e-02      1.457e-02      1.325e-02      1.174e-02      1.014e-02      8.558e-03      7.075e-03      5.854e-03      4.859e-03      3.965e-03      3.196e-03      2.553e-03      2.028e-03      1.606e-03      1.270e-03      1.004e-03      7.957e-04      6.320e-04      5.038e-04      4.035e-04      3.246e-04      2.623e-04      2.128e-04      1.732e-04      1.414e-04      1.159e-04      9.529e-05
      3.990e-03      6.240e-03      8.059e-03      9.383e-03      1.019e-02      1.099e-02      1.285e-02      1.529e-02      1.732e-02      1.867e-02      1.935e-02      1.935e-02      1.875e-02      1.759e-02      1.603e-02      1.422e-02      1.230e-02      1.039e-02      8.595e-03      7.118e-03      5.912e-03      4.828e-03      3.892e-03      3.109e-03      2.469e-03      1.954e-03      1.544e-03      1.220e-03      9.650e-04      7.654e-04      6.092e-04      4.870e-04      3.911e-04      3.155e-04      2.555e-04      2.076e-04      1.692e-04      1.383e-04      1.135e-04
      4.341e-03      6.935e-03      9.108e-03      1.074e-02      1.178e-02      1.281e-02      1.509e-02      1.805e-02      2.055e-02      2.224e-02      2.312e-02      2.318e-02      2.252e-02      2.117e-02      1.933e-02      1.718e-02      1.487e-02      1.258e-02      1.042e-02      8.635e-03      7.180e-03      5.868e-03      4.732e-03      3.780e-03      3.001e-03      2.374e-03      1.876e-03      1.480e-03      1.169e-03      9.261e-04      7.361e-04      5.875e-04      4.711e-04      3.793e-04      3.065e-04      2.486e-04      2.022e-04      1.650e-04      1.351e-04
      4.714e-03      7.688e-03      1.027e-02      1.227e-02      1.360e-02      1.491e-02      1.769e-02      2.127e-02      2.432e-02      2.641e-02      2.754e-02      2.769e-02      2.696e-02      2.540e-02      2.323e-02      2.068e-02      1.793e-02      1.519e-02      1.259e-02      1.045e-02      8.698e-03      7.115e-03      5.743e-03      4.589e-03      3.643e-03      2.881e-03      2.275e-03      1.794e-03      1.415e-03      1.120e-03      8.887e-04      7.082e-04      5.669e-04      4.557e-04      3.676e-04      2.975e-04      2.415e-04      1.967e-04      1.608e-04
      5.108e-03      8.499e-03      1.155e-02      1.397e-02      1.565e-02      1.732e-02      2.067e-02      2.498e-02      2.868e-02      3.126e-02      3.269e-02      3.296e-02      3.216e-02      3.036e-02      2.782e-02      2.481e-02      2.155e-02      1.827e-02      1.516e-02      1.260e-02      1.051e-02      8.607e-03      6.953e-03      5.559e-03      4.415e-03      3.491e-03      2.755e-03      2.172e-03      1.712e-03      1.352e-03      1.072e-03      8.530e-04      6.817e-04      5.470e-04      4.405e-04      3.559e-04      2.884e-04      2.344e-04      1.912e-04
      5.520e-03      9.369e-03      1.296e-02      1.588e-02      1.797e-02      2.005e-02      2.409e-02      2.925e-02      3.372e-02      3.687e-02      3.866e-02      3.907e-02      3.820e-02      3.613e-02      3.317e-02      2.963e-02      2.578e-02      2.190e-02      1.820e-02      1.515e-02      1.266e-02      1.038e-02      8.397e-03      6.719e-03      5.338e-03      4.222e-03      3.331e-03      2.624e-03      2.068e-03      1.631e-03      1.291e-03      1.026e-03      8.190e-04      6.561e-04      5.275e-04      4.254e-04      3.441e-04      2.792e-04      2.273e-04
      5.947e-03      1.030e-02      1.449e-02      1.800e-02      2.058e-02      2.315e-02      2.798e-02      3.413e-02      3.949e-02      4.331e-02      4.553e-02      4.611e-02      4.516e-02      4.279e-02      3.936e-02      3.523e-02      3.070e-02      2.613e-02      2.175e-02      1.814e-02      1.519e-02      1.248e-02      1.011e-02      8.100e-03      6.440e-03      5.095e-03      4.020e-03      3.166e-03      2.494e-03      1.966e-03      1.554e-03      1.234e-03      9.830e-04      7.863e-04      6.311e-04      5.081e-04      4.103e-04      3.323e-04      2.700e-04
      6.384e-03      1.128e-02      1.616e-02      2.033e-02      2.349e-02      2.664e-02      3.239e-02      3.968e-02      4.605e-02      5.065e-02      5.336e-02      5.413e-02      5.311e-02      5.042e-02      4.646e-02      4.165e-02      3.638e-02      3.101e-02      2.587e-02      2.162e-02      1.815e-02      1.495e-02      1.213e-02      9.735e-03      7.748e-03      6.135e-03      4.841e-03      3.813e-03      3.002e-03      2.366e-03      1.868e-03      1.481e-03      1.179e-03      9.414e-04      7.544e-04      6.064e-04      4.888e-04      3.951e-04      3.205e-04
      6.824e-03      1.233e-02      1.797e-02      2.290e-02      2.672e-02      3.056e-02      3.736e-02      4.594e-02      5.347e-02      5.893e-02      6.220e-02      6.321e-02      6.211e-02      5.905e-02      5.451e-02      4.896e-02      4.285e-02      3.661e-02      3.060e-02      2.564e-02      2.159e-02      1.783e-02      1.450e-02      1.166e-02      9.294e-03      7.366e-03      5.816e-03      4.581e-03      3.606e-03      2.841e-03      2.243e-03      1.775e-03      1.411e-03      1.126e-03      9.009e-04      7.229e-04      5.817e-04      4.695e-04      3.801e-04
      7.248e-03      1.344e-02      1.991e-02      2.570e-02      3.030e-02      3.491e-02      4.291e-02      5.294e-02      6.177e-02      6.821e-02      7.209e-02      7.335e-02      7.217e-02      6.872e-02      6.354e-02      5.718e-02      5.015e-02      4.295e-02      3.598e-02      3.024e-02      2.554e-02      2.116e-02      1.726e-02      1.391e-02      1.111e-02      8.816e-03      6.967e-03      5.492e-03      4.323e-03      3.405e-03      2.688e-03      2.126e-03      1.687e-03      1.344e-03      1.074e-03      8.610e-04      6.917e-04      5.573e-04      4.505e-04
      7.646e-03      1.462e-02      2.198e-02      2.874e-02      3.421e-02      3.972e-02      4.906e-02      6.071e-02      7.097e-02      7.849e-02      8.304e-02      8.457e-02      8.329e-02      7.941e-02      7.354e-02      6.631e-02      5.828e-02      5.003e-02      4.203e-02      3.544e-02      3.004e-02      2.498e-02      2.044e-02      1.652e-02      1.322e-02      1.051e-02      8.321e-03      6.564e-03      5.170e-03      4.072e-03      3.213e-03      2.542e-03      2.015e-03      1.603e-03      1.280e-03      1.024e-03      8.216e-04      6.610e-04      5.333e-04
      8.007e-03      1.589e-02      2.418e-02      3.201e-02      3.848e-02      4.501e-02      5.583e-02      6.926e-02      8.108e-02      8.975e-02      9.502e-02      9.684e-02      9.544e-02      9.109e-02      8.447e-02      7.631e-02      6.722e-02      5.786e-02      4.874e-02      4.124e-02      3.511e-02      2.931e-02      2.408e-02      1.952e-02      1.567e-02      1.249e-02      9.901e-03      7.821e-03      6.165e-03      4.858e-03      3.833e-03      3.030e-03      2.403e-03      1.909e-03      1.522e-03      1.217e-03      9.747e-04      7.830e-04      6.308e-04
      8.320e-03      1.724e-02      2.649e-02      3.552e-02      4.310e-02      5.075e-02      6.321e-02      7.856e-02      9.207e-02      1.020e-01      1.080e-01      1.101e-01      1.085e-01      1.037e-01      9.626e-02      8.711e-02      7.692e-02      6.638e-02      5.609e-02      4.764e-02      4.074e-02      3.416e-02      2.818e-02      2.294e-02      1.848e-02      1.477e-02      1.173e-02      9.284e-03      7.327e-03      5.778e-03      4.560e-03      3.605e-03      2.858e-03      2.270e-03      1.807e-03      1.443e-03      1.155e-03      9.263e-04      7.452e-04
      8.580e-03      1.870e-02      2.891e-02      3.924e-02      4.805e-02      5.696e-02      7.119e-02      8.860e-02      1.039e-01      1.150e-01      1.218e-01      1.241e-01      1.224e-01      1.170e-01      1.088e-01      9.861e-02      8.727e-02      7.553e-02      6.402e-02      5.460e-02      4.691e-02      3.953e-02      3.277e-02      2.679e-02      2.166e-02      1.737e-02      1.384e-02      1.098e-02      8.677e-03      6.851e-03      5.410e-03      4.278e-03      3.391e-03      2.694e-03      2.143e-03      1.709e-03      1.366e-03      1.094e-03      8.792e-04
      8.778e-03      2.027e-02      3.143e-02      4.316e-02      5.331e-02      6.359e-02      7.972e-02      9.930e-02      1.164e-01      1.289e-01      1.364e-01      1.389e-01      1.370e-01      1.310e-01      1.219e-01      1.107e-01      9.816e-02      8.519e-02      7.244e-02      6.205e-02      5.358e-02      4.539e-02      3.782e-02      3.107e-02      2.524e-02      2.032e-02      1.624e-02      1.292e-02      1.023e-02      8.093e-03      6.398e-03      5.062e-03      4.013e-03      3.187e-03      2.536e-03      2.020e-03      1.613e-03      1.291e-03      1.036e-03
      8.891e-03      2.195e-02      3.406e-02      4.726e-02      5.887e-02      7.062e-02      8.875e-02      1.106e-01      1.296e-01      1.433e-01      1.515e-01      1.542e-01      1.520e-01      1.454e-01      1.354e-01      1.231e-01      1.094e-01      9.524e-02      8.126e-02      6.990e-02      6.069e-02      5.170e-02      4.332e-02      3.578e-02      2.921e-02      2.362e-02      1.896e-02      1.512e-02      1.201e-02      9.521e-03      7.538e-03      5.971e-03      4.735e-03      3.761e-03      2.992e-03      2.384e-03      1.901e-03      1.520e-03      1.218e-03
      8.887e-03      2.369e-02      3.686e-02      5.151e-02      6.467e-02      7.799e-02      9.822e-02      1.224e-01      1.433e-01      1.583e-01      1.671e-01      1.699e-01      1.673e-01      1.600e-01      1.491e-01      1.358e-01      1.209e-01      1.055e-01      9.033e-02      7.805e-02      6.813e-02      5.838e-02      4.921e-02      4.088e-02      3.356e-02      2.727e-02      2.199e-02      1.761e-02      1.403e-02      1.115e-02      8.845e-03      7.016e-03      5.569e-03      4.426e-03      3.521e-03      2.805e-03      2.238e-03      1.786e-03      1.431e-03
      8.792e-03      2.548e-02      3.986e-02      5.587e-02      7.068e-02      8.564e-02      1.080e-01      1.345e-01      1.573e-01      1.735e-01      1.829e-01      1.857e-01      1.827e-01      1.747e-01      1.629e-01      1.485e-01      1.325e-01      1.159e-01      9.953e-02      8.638e-02      7.582e-02      6.535e-02      5.542e-02      4.633e-02      3.826e-02      3.126e-02      2.533e-02      2.038e-02      1.630e-02      1.299e-02      1.033e-02      8.210e-03      6.526e-03      5.191e-03      4.132e-03      3.292e-03      2.626e-03      2.097e-03      1.677e-03
      8.577e-03      2.730e-02      4.313e-02      6.031e-02      7.683e-02      9.351e-02      1.181e-01      1.469e-01      1.715e-01      1.888e-01      1.987e-01      2.014e-01      1.980e-01      1.893e-01      1.765e-01      1.611e-01      1.439e-01      1.262e-01      1.087e-01      9.475e-02      8.362e-02      7.251e-02      6.188e-02      5.206e-02      4.326e-02      3.557e-02      2.897e-02      2.342e-02      1.882e-02      1.505e-02      1.201e-02      9.565e-03      7.617e-03      6.066e-03      4.833e-03      3.852e-03      3.072e-03      2.454e-03      1.963e-03
      8.265e-03      2.912e-02      4.663e-02      6.489e-02      8.308e-02      1.015e-01      1.283e-01      1.594e-01      1.857e-01      2.040e-01      2.143e-01      2.169e-01      2.130e-01      2.035e-01      1.898e-01      1.733e-01      1.551e-01      1.363e-01      1.178e-01      1.030e-01      9.143e-02      7.976e-02      6.850e-02      5.800e-02      4.851e-02      4.013e-02      3.289e-02      2.673e-02      2.158e-02      1.734e-02      1.388e-02      1.109e-02      8.850e-03      7.060e-03      5.632e-03      4.492e-03      3.584e-03      2.863e-03      2.290e-03
      7.786e-03      3.089e-02      5.024e-02      6.978e-02      8.935e-02      1.096e-01      1.385e-01      1.719e-01      1.998e-01      2.191e-01      2.296e-01      2.320e-01      2.275e-01      2.172e-01      2.026e-01      1.852e-01      1.659e-01      1.461e-01      1.265e-01      1.111e-01      9.913e-02      8.697e-02      7.516e-02      6.407e-02      5.394e-02      4.492e-02      3.704e-02      3.029e-02      2.458e-02      1.984e-02      1.595e-02      1.278e-02      1.023e-02      8.181e-03      6.536e-03      5.220e-03      4.168e-03      3.330e-03      2.664e-03
      7.264e-03      3.255e-02      5.393e-02      7.514e-02      9.559e-02      1.175e-01      1.487e-01      1.842e-01      2.136e-01      2.337e-01      2.444e-01      2.466e-01      2.415e-01      2.304e-01      2.149e-01      1.964e-01      1.763e-01      1.555e-01      1.349e-01      1.190e-01      1.066e-01      9.406e-02      8.178e-02      7.016e-02      5.947e-02      4.986e-02      4.138e-02      3.405e-02      2.779e-02      2.255e-02      1.821e-02      1.466e-02      1.177e-02      9.434e-03      7.553e-03      6.042e-03      4.830e-03      3.862e-03      3.090e-03
      6.665e-03      3.402e-02      5.768e-02      8.087e-02      1.021e-01      1.254e-01      1.586e-01      1.962e-01      2.270e-01      2.478e-01      2.586e-01      2.605e-01      2.548e-01      2.429e-01      2.265e-01      2.071e-01      1.860e-01      1.643e-01      1.429e-01      1.264e-01      1.138e-01      1.009e-01      8.827e-02      7.621e-02      6.502e-02      5.487e-02      4.585e-02      3.797e-02      3.119e-02      2.545e-02      2.065e-02      1.669e-02      1.346e-02      1.082e-02      8.687e-03      6.963e-03      5.575e-03      4.463e-03      3.574e-03
      6.068e-03      3.519e-02      6.147e-02      8.671e-02      1.093e-01      1.331e-01      1.682e-01      2.077e-01      2.399e-01      2.613e-01      2.722e-01      2.736e-01      2.673e-01      2.546e-01      2.374e-01      2.171e-01      1.951e-01      1.726e-01      1.508e-01      1.336e-01      1.206e-01      1.075e-01      9.453e-02      8.211e-02      7.051e-02      5.990e-02      5.039e-02      4.200e-02      3.472e-02      2.850e-02      2.326e-02      1.889e-02      1.529e-02      1.234e-02      9.939e-03      7.987e-03      6.408e-03      5.137e-03      4.118e-03
      5.516e-03      3.597e-02      6.528e-02      9.260e-02      1.170e-01      1.413e-01      1.775e-01      2.188e-01      2.522e-01      2.741e-01      2.849e-01      2.860e-01      2.790e-01      2.656e-01      2.475e-01      2.265e-01      2.042e-01      1.817e-01      1.596e-01      1.414e-01      1.271e-01      1.137e-01      1.005e-01      8.781e-02      7.586e-02      6.487e-02      5.494e-02      4.610e-02      3.836e-02      3.168e-02      2.600e-02      2.124e-02      1.727e-02      1.400e-02      1.131e-02      9.116e-03      7.332e-03      5.889e-03      4.728e-03
      5.039e-03      3.628e-02      6.907e-02      9.851e-02      1.248e-01      1.506e-01      1.872e-01      2.293e-01      2.638e-01      2.861e-01      2.969e-01      2.976e-01      2.900e-01      2.762e-01      2.580e-01      2.371e-01      2.144e-01      1.911e-01      1.681e-01      1.493e-01      1.341e-01      1.196e-01      1.062e-01      9.324e-02      8.103e-02      6.972e-02      5.942e-02      5.019e-02      4.204e-02      3.495e-02      2.886e-02      2.370e-02      1.937e-02      1.577e-02      1.280e-02      1.035e-02      8.347e-03      6.721e-03      5.405e-03
      4.638e-03      3.606e-02      7.282e-02      1.044e-01      1.326e-01      1.601e-01      1.984e-01      2.414e-01      2.759e-01      2.983e-01      3.091e-01      3.098e-01      3.023e-01      2.883e-01      2.696e-01      2.478e-01      2.243e-01      2.001e-01      1.763e-01      1.569e-01      1.413e-01      1.258e-01      1.115e-01      9.836e-02      8.594e-02      7.439e-02      6.380e-02      5.424e-02      4.573e-02      3.826e-02      3.179e-02      2.626e-02      2.158e-02      1.766e-02      1.439e-02      1.168e-02      9.453e-03      7.633e-03      6.153e-03
      4.310e-03      3.529e-02      7.648e-02      1.102e-01      1.403e-01      1.694e-01      2.096e-01      2.543e-01      2.898e-01      3.125e-01      3.232e-01      3.235e-01      3.153e-01      3.004e-01      2.808e-01      2.581e-01      2.336e-01      2.086e-01      1.840e-01      1.641e-01      1.483e-01      1.324e-01      1.171e-01      1.032e-01      9.058e-02      7.883e-02      6.801e-02      5.818e-02      4.936e-02      4.156e-02      3.476e-02      2.889e-02      2.388e-02      1.964e-02      1.608e-02      1.311e-02      1.065e-02      8.625e-03      6.972e-03
      4.038e-03      3.395e-02      7.996e-02      1.160e-01      1.479e-01      1.785e-01      2.206e-01      2.669e-01      3.034e-01      3.264e-01      3.368e-01      3.366e-01      3.277e-01      3.120e-01      2.914e-01      2.678e-01      2.425e-01      2.167e-01      1.913e-01      1.710e-01      1.548e-01      1.387e-01      1.230e-01      1.082e-01      9.492e-02      8.302e-02      7.202e-02      6.198e-02      5.291e-02      4.483e-02      3.773e-02      3.155e-02      2.623e-02      2.169e-02      1.785e-02      1.462e-02      1.192e-02      9.694e-03      7.860e-03
      3.804e-03      3.215e-02      8.311e-02      1.216e-01      1.553e-01      1.875e-01      2.312e-01      2.791e-01      3.165e-01      3.397e-01      3.500e-01      3.492e-01      3.395e-01      3.230e-01      3.016e-01      2.771e-01      2.509e-01      2.243e-01      1.982e-01      1.774e-01      1.611e-01      1.447e-01      1.288e-01      1.136e-01      9.947e-02      8.694e-02      7.580e-02      6.560e-02      5.633e-02      4.802e-02      4.066e-02      3.421e-02      2.861e-02      2.379e-02      1.968e-02      1.620e-02      1.327e-02      1.083e-02      8.816e-03
      3.593e-03      2.990e-02      8.575e-02      1.271e-01      1.625e-01      1.962e-01      2.415e-01      2.909e-01      3.292e-01      3.526e-01      3.626e-01      3.612e-01      3.508e-01      3.334e-01      3.112e-01      2.858e-01      2.588e-01      2.315e-01      2.047e-01      1.835e-01      1.669e-01      1.504e-01      1.342e-01      1.188e-01      1.044e-01      9.110e-02      7.936e-02      6.901e-02      5.959e-02      5.110e-02      4.353e-02      3.684e-02      3.099e-02      2.592e-02      2.156e-02      1.784e-02      1.469e-02      1.204e-02      9.835e-03
      3.395e-03      2.751e-02      8.760e-02      1.325e-01      1.696e-01      2.046e-01      2.515e-01      3.023e-01      3.413e-01      3.649e-01      3.746e-01      3.727e-01      3.616e-01      3.434e-01      3.203e-01      2.941e-01      2.663e-01      2.383e-01      2.108e-01      1.892e-01      1.725e-01      1.557e-01      1.394e-01      1.238e-01      1.091e-01      9.559e-02      8.319e-02      7.224e-02      6.267e-02      5.404e-02      4.629e-02      3.941e-02      3.335e-02      2.806e-02      2.347e-02      1.952e-02      1.615e-02      1.330e-02      1.091e-02
      3.204e-03      2.513e-02      8.838e-02      1.376e-01      1.763e-01      2.126e-01      2.610e-01      3.132e-01      3.530e-01      3.767e-01      3.861e-01      3.837e-01      3.718e-01      3.528e-01      3.289e-01      3.019e-01      2.734e-01      2.446e-01      2.165e-01      1.946e-01      1.777e-01      1.607e-01      1.442e-01      1.285e-01      1.137e-01      9.991e-02      8.729e-02      7.580e-02      6.563e-02      5.682e-02      4.894e-02      4.190e-02      3.566e-02      3.017e-02      2.538e-02      2.123e-02      1.765e-02      1.461e-02      1.204e-02
      3.024e-03      2.292e-02      8.783e-02      1.424e-01      1.828e-01      2.204e-01      2.702e-01      3.236e-01      3.641e-01      3.880e-01      3.971e-01      3.941e-01      3.815e-01      3.617e-01      3.370e-01      3.092e-01      2.800e-01      2.506e-01      2.219e-01      1.996e-01      1.825e-01      1.655e-01      1.488e-01      1.329e-01      1.179e-01      1.040e-01      9.121e-02      7.953e-02      6.896e-02      5.956e-02      5.145e-02      4.429e-02      3.790e-02      3.225e-02      2.728e-02      2.294e-02      1.918e-02      1.595e-02      1.321e-02
      2.855e-03      2.100e-02      8.574e-02      1.469e-01      1.890e-01      2.277e-01      2.789e-01      3.336e-01      3.747e-01      3.987e-01      4.075e-01      4.039e-01      3.907e-01      3.701e-01      3.446e-01      3.162e-01      2.862e-01      2.561e-01      2.268e-01      2.042e-01      1.871e-01      1.699e-01      1.531e-01      1.371e-01      1.220e-01      1.079e-01      9.495e-02      8.311e-02      7.236e-02      6.268e-02      5.405e-02      4.656e-02      4.005e-02      3.426e-02      2.914e-02      2.464e-02      2.071e-02      1.731e-02      1.440e-02
      2.695e-03      1.941e-02      8.232e-02      1.509e-01      1.949e-01      2.347e-01      2.872e-01      3.430e-01      3.848e-01      4.089e-01      4.174e-01      4.133e-01      3.994e-01      3.781e-01      3.518e-01      3.226e-01      2.920e-01      2.613e-01      2.314e-01      2.085e-01      1.913e-01      1.740e-01      1.572e-01      1.410e-01      1.258e-01      1.116e-01      9.850e-02      8.652e-02      7.562e-02      6.577e-02      5.694e-02      4.906e-02      4.215e-02      3.619e-02      3.095e-02      2.631e-02      2.223e-02      1.869e-02      1.562e-02
      2.548e-03      1.812e-02      7.759e-02      1.539e-01      2.004e-01      2.413e-01      2.950e-01      3.520e-01      3.943e-01      4.185e-01      4.268e-01      4.221e-01      4.075e-01      3.856e-01      3.586e-01      3.287e-01      2.974e-01      2.661e-01      2.357e-01      2.125e-01      1.952e-01      1.779e-01      1.609e-01      1.447e-01      1.293e-01      1.151e-01      1.019e-01      8.976e-02      7.873e-02      6.875e-02      5.976e-02      5.171e-02      4.454e-02      3.820e-02      3.271e-02      2.794e-02      2.373e-02      2.005e-02      1.685e-02
      2.413e-03      1.706e-02      7.204e-02      1.557e-01      2.055e-01      2.475e-01      3.023e-01      3.604e-01      4.034e-01      4.276e-01      4.356e-01      4.305e-01      4.152e-01      3.925e-01      3.649e-01      3.343e-01      3.024e-01      2.705e-01      2.396e-01      2.162e-01      1.988e-01      1.814e-01      1.644e-01      1.481e-01      1.327e-01      1.183e-01      1.050e-01      9.283e-02      8.169e-02      7.159e-02      6.247e-02      5.428e-02      4.696e-02      4.045e-02      3.466e-02      2.959e-02      2.521e-02      2.140e-02      1.807e-02
      2.291e-03      1.614e-02      6.615e-02      1.557e-01      2.102e-01      2.532e-01      3.091e-01      3.683e-01      4.118e-01      4.362e-01      4.439e-01      4.383e-01      4.224e-01      3.991e-01      3.707e-01      3.395e-01      3.070e-01      2.745e-01      2.432e-01      2.195e-01      2.022e-01      1.847e-01      1.677e-01      1.513e-01      1.358e-01      1.214e-01      1.080e-01      9.573e-02      8.451e-02      7.430e-02      6.507e-02      5.677e-02      4.932e-02      4.266e-02      3.672e-02      3.146e-02      2.681e-02      2.277e-02      1.929e-02
      2.178e-03      1.530e-02      6.050e-02      1.534e-01      2.144e-01      2.584e-01      3.154e-01      3.757e-01      4.198e-01      4.442e-01      4.516e-01      4.455e-01      4.291e-01      4.051e-01      3.761e-01      3.442e-01      3.112e-01      2.782e-01      2.464e-01      2.225e-01      2.052e-01      1.878e-01      1.707e-01      1.543e-01      1.388e-01      1.243e-01      1.108e-01      9.847e-02      8.717e-02      7.688e-02      6.756e-02      5.915e-02      5.159e-02      4.481e-02      3.874e-02      3.334e-02      2.855e-02      2.432e-02      2.061e-02
      2.076e-03      1.449e-02      5.542e-02      1.486e-01      2.177e-01      2.631e-01      3.212e-01      3.825e-01      4.271e-01      4.516e-01      4.588e-01      4.523e-01      4.353e-01      4.107e-01      3.811e-01      3.486e-01      3.150e-01      2.815e-01      2.492e-01      2.252e-01      2.079e-01      1.905e-01      1.735e-01      1.570e-01      1.415e-01      1.269e-01      1.135e-01      1.011e-01      8.969e-02      7.933e-02      6.993e-02      6.143e-02      5.377e-02      4.689e-02      4.071e-02      3.518e-02      3.026e-02      2.590e-02      2.205e-02
      1.984e-03      1.371e-02      5.120e-02      1.413e-01      2.199e-01      2.674e-01      3.265e-01      3.887e-01      4.339e-01      4.585e-01      4.655e-01      4.585e-01      4.409e-01      4.157e-01      3.855e-01      3.525e-01      3.184e-01      2.844e-01      2.518e-01      2.276e-01      2.104e-01      1.930e-01      1.760e-01      1.595e-01      1.440e-01      1.294e-01      1.159e-01      1.035e-01      9.206e-02      8.165e-02      7.219e-02      6.362e-02      5.587e-02      4.890e-02      4.262e-02      3.699e-02      3.195e-02      2.747e-02      2.350e-02
      1.900e-03      1.294e-02      4.782e-02      1.322e-01      2.203e-01      2.710e-01      3.311e-01      3.943e-01      4.401e-01      4.648e-01      4.715e-01      4.641e-01      4.460e-01      4.203e-01      3.895e-01      3.560e-01      3.213e-01      2.870e-01      2.539e-01      2.296e-01      2.125e-01      1.953e-01      1.782e-01      1.618e-01      1.463e-01      1.317e-01      1.182e-01      1.057e-01      9.429e-02      8.383e-02      7.432e-02      6.569e-02      5.788e-02      5.083e-02      4.447e-02      3.875e-02      3.361e-02      2.901e-02      2.493e-02
      1.824e-03      1.221e-02      4.512e-02      1.220e-01      2.182e-01      2.740e-01      3.352e-01      3.994e-01      4.456e-01      4.704e-01      4.770e-01      4.692e-01      4.506e-01      4.243e-01      3.931e-01      3.590e-01      3.239e-01      2.891e-01      2.557e-01      2.314e-01      2.144e-01      1.972e-01      1.803e-01      1.639e-01      1.484e-01      1.338e-01      1.203e-01      1.078e-01      9.637e-02      8.589e-02      7.634e-02      6.767e-02      5.980e-02      5.269e-02      4.625e-02      4.045e-02      3.522e-02      3.054e-02      2.635e-02
      1.755e-03      1.152e-02      4.288e-02      1.119e-01      2.131e-01      2.760e-01      3.387e-01      4.037e-01      4.505e-01      4.755e-01      4.818e-01      4.737e-01      4.546e-01      4.279e-01      3.961e-01      3.616e-01      3.260e-01      2.909e-01      2.572e-01      2.328e-01      2.160e-01      1.989e-01      1.821e-01      1.658e-01      1.503e-01      1.358e-01      1.223e-01      1.098e-01      9.832e-02      8.782e-02      7.825e-02      6.954e-02      6.163e-02      5.446e-02      4.797e-02      4.210e-02      3.680e-02      3.203e-02      2.775e-02
      1.695e-03      1.088e-02      4.088e-02      1.027e-01      2.046e-01      2.768e-01      3.414e-01      4.075e-01      4.548e-01      4.798e-01      4.861e-01      4.776e-01      4.581e-01      4.308e-01      3.986e-01      3.636e-01      3.277e-01      2.922e-01      2.582e-01      2.338e-01      2.172e-01      2.003e-01      1.836e-01      1.674e-01      1.520e-01      1.375e-01      1.241e-01      1.116e-01      1.001e-01      8.962e-02      8.003e-02      7.130e-02      6.337e-02      5.616e-02      4.962e-02      4.369e-02      3.833e-02      3.348e-02      2.913e-02
      1.644e-03      1.028e-02      3.898e-02      9.505e-02      1.931e-01      2.754e-01      3.434e-01      4.105e-01      4.583e-01      4.835e-01      4.896e-01      4.808e-01      4.609e-01      4.333e-01      4.006e-01      3.652e-01      3.290e-01      2.932e-01      2.589e-01      2.345e-01      2.181e-01      2.014e-01      1.849e-01      1.688e-01      1.535e-01      1.391e-01      1.257e-01      1.132e-01      1.018e-01      9.130e-02      8.171e-02      7.296e-02      6.501e-02      5.777e-02      5.119e-02      4.522e-02      3.980e-02      3.490e-02      3.047e-02
      1.597e-03      9.745e-03      3.708e-02      8.899e-02      1.796e-01      2.712e-01      3.444e-01      4.128e-01      4.612e-01      4.865e-01      4.924e-01      4.834e-01      4.631e-01      4.351e-01      4.020e-01      3.663e-01      3.297e-01      2.937e-01      2.592e-01      2.348e-01      2.188e-01      2.023e-01      1.859e-01      1.700e-01      1.548e-01      1.405e-01      1.271e-01      1.147e-01      1.033e-01      9.284e-02      8.327e-02      7.452e-02      6.656e-02      5.930e-02      5.270e-02      4.669e-02      4.123e-02      3.627e-02      3.179e-02
      1.553e-03      9.259e-03      3.516e-02      8.435e-02      1.655e-01      2.636e-01      3.441e-01      4.142e-01      4.632e-01      4.887e-01      4.946e-01      4.852e-01      4.647e-01      4.363e-01      4.029e-01      3.668e-01      3.300e-01      2.937e-01      2.590e-01      2.348e-01      2.190e-01      2.028e-01      1.866e-01      1.709e-01      1.558e-01      1.416e-01      1.284e-01      1.161e-01      1.047e-01      9.426e-02      8.471e-02      7.598e-02      6.801e-02      6.075e-02      5.412e-02      4.809e-02      4.260e-02      3.760e-02      3.307e-02
      1.511e-03      8.821e-03      3.325e-02      8.070e-02      1.520e-01      2.521e-01      3.415e-01      4.147e-01      4.644e-01      4.901e-01      4.959e-01      4.864e-01      4.655e-01      4.368e-01      4.031e-01      3.668e-01      3.297e-01      2.933e-01      2.584e-01      2.344e-01      2.190e-01      2.030e-01      1.871e-01      1.716e-01      1.567e-01      1.426e-01      1.295e-01      1.172e-01      1.059e-01      9.555e-02      8.603e-02      7.732e-02      6.937e-02      6.211e-02      5.548e-02      4.943e-02      4.391e-02      3.888e-02      3.431e-02
      1.472e-03      8.431e-03      3.141e-02      7.762e-02      1.404e-01      2.371e-01      3.359e-01      4.140e-01      4.648e-01      4.907e-01      4.965e-01      4.868e-01      4.657e-01      4.367e-01      4.028e-01      3.662e-01      3.289e-01      2.923e-01      2.574e-01      2.335e-01      2.185e-01      2.029e-01      1.873e-01      1.720e-01      1.573e-01      1.434e-01      1.304e-01      1.182e-01      1.070e-01      9.671e-02      8.724e-02      7.856e-02      7.063e-02      6.338e-02      5.676e-02      5.070e-02      4.517e-02      4.011e-02      3.551e-02
      1.435e-03      8.087e-03      2.965e-02      7.476e-02      1.312e-01      2.201e-01      3.265e-01      4.114e-01      4.642e-01      4.905e-01      4.962e-01      4.864e-01      4.651e-01      4.359e-01      4.017e-01      3.650e-01      3.276e-01      2.909e-01      2.559e-01      2.323e-01      2.177e-01      2.025e-01      1.872e-01      1.722e-01      1.577e-01      1.440e-01      1.311e-01      1.191e-01      1.080e-01      9.773e-02      8.832e-02      7.969e-02      7.180e-02      6.457e-02      5.795e-02      5.190e-02      4.636e-02      4.129e-02      3.667e-02
      1.400e-03      7.792e-03      2.801e-02      7.181e-02      1.245e-01      2.028e-01      3.127e-01      4.062e-01      4.623e-01      4.893e-01      4.951e-01      4.851e-01      4.637e-01      4.343e-01      4.000e-01      3.632e-01      3.257e-01      2.889e-01      2.539e-01      2.306e-01      2.165e-01      2.018e-01      1.868e-01      1.721e-01      1.579e-01      1.443e-01      1.316e-01      1.197e-01      1.088e-01      9.861e-02      8.928e-02      8.071e-02      7.286e-02      6.567e-02      5.907e-02      5.303e-02      4.749e-02      4.242e-02      3.778e-02
      1.366e-03      7.539e-03      2.651e-02      6.868e-02      1.197e-01      1.869e-01      2.952e-01      3.974e-01      4.588e-01      4.870e-01      4.930e-01      4.830e-01      4.614e-01      4.320e-01      3.976e-01      3.607e-01      3.231e-01      2.864e-01      2.514e-01      2.284e-01      2.149e-01      2.006e-01      1.861e-01      1.717e-01      1.577e-01      1.445e-01      1.319e-01      1.202e-01      1.094e-01      9.935e-02      9.011e-02      8.162e-02      7.382e-02      6.667e-02      6.011e-02      5.409e-02      4.856e-02      4.349e-02      3.884e-02
      1.334e-03      7.306e-03      2.517e-02      6.538e-02      1.162e-01      1.738e-01      2.754e-01      3.842e-01      4.528e-01      4.835e-01      4.899e-01      4.800e-01      4.583e-01      4.288e-01      3.944e-01      3.575e-01      3.200e-01      2.833e-01      2.484e-01      2.258e-01      2.129e-01      1.991e-01      1.850e-01      1.710e-01      1.574e-01      1.444e-01      1.321e-01      1.206e-01      1.099e-01      9.995e-02      9.081e-02      8.240e-02      7.468e-02      6.758e-02      6.106e-02      5.507e-02      4.957e-02      4.451e-02      3.986e-02
      1.304e-03      7.088e-03      2.399e-02      6.203e-02      1.133e-01      1.641e-01      2.566e-01      3.668e-01      4.436e-01      4.784e-01      4.858e-01      4.759e-01      4.543e-01      4.248e-01      3.904e-01      3.536e-01      3.161e-01      2.796e-01      2.448e-01      2.226e-01      2.104e-01      1.972e-01      1.836e-01      1.700e-01      1.568e-01      1.440e-01      1.320e-01      1.207e-01      1.101e-01      1.004e-01      9.137e-02      8.307e-02      7.542e-02      6.839e-02      6.193e-02      5.598e-02      5.050e-02      4.546e-02      4.082e-02
      1.275e-03      6.886e-03      2.300e-02      5.873e-02      1.105e-01      1.574e-01      2.390e-01      3.464e-01      4.303e-01      4.710e-01      4.803e-01      4.708e-01      4.493e-01      4.199e-01      3.856e-01      3.489e-01      3.116e-01      2.752e-01      2.407e-01      2.190e-01      2.075e-01      1.949e-01      1.819e-01      1.687e-01      1.558e-01      1.434e-01      1.317e-01      1.206e-01      1.103e-01      1.007e-01      9.179e-02      8.360e-02      7.605e-02      6.910e-02      6.270e-02      5.680e-02      5.137e-02      4.635e-02      4.173e-02
      1.247e-03      6.693e-03      2.216e-02      5.559e-02      1.074e-01      1.533e-01      2.250e-01      3.252e-01      4.131e-01      4.608e-01      4.732e-01      4.646e-01      4.433e-01      4.141e-01      3.800e-01      3.434e-01      3.063e-01      2.702e-01      2.359e-01      2.148e-01      2.041e-01      1.922e-01      1.797e-01      1.671e-01      1.546e-01      1.426e-01      1.311e-01      1.203e-01      1.102e-01      1.008e-01      9.207e-02      8.401e-02      7.657e-02      6.971e-02      6.338e-02      5.754e-02      5.215e-02      4.718e-02      4.258e-02
      1.221e-03      6.511e-03      2.140e-02      5.277e-02      1.037e-01      1.508e-01      2.152e-01      3.061e-01      3.932e-01      4.471e-01      4.641e-01      4.571e-01      4.363e-01      4.073e-01      3.734e-01      3.371e-01      3.003e-01      2.645e-01      2.305e-01      2.100e-01      2.002e-01      1.891e-01      1.772e-01      1.651e-01      1.531e-01      1.415e-01      1.303e-01      1.198e-01      1.099e-01      1.007e-01      9.219e-02      8.427e-02      7.696e-02      7.020e-02      6.396e-02      5.820e-02      5.287e-02      4.794e-02      4.338e-02
      1.196e-03      6.335e-03      2.070e-02      5.038e-02      9.966e-02      1.491e-01      2.091e-01      2.910e-01      3.730e-01      4.302e-01      4.524e-01      4.479e-01      4.280e-01      3.994e-01      3.658e-01      3.299e-01      2.935e-01      2.580e-01      2.244e-01      2.047e-01      1.958e-01      1.854e-01      1.743e-01      1.628e-01      1.513e-01      1.400e-01      1.293e-01      1.191e-01      1.095e-01      1.005e-01      9.215e-02      8.440e-02      7.722e-02      7.058e-02      6.444e-02      5.876e-02      5.349e-02      4.862e-02      4.410e-02
      1.171e-03      6.172e-03      2.004e-02      4.840e-02      9.531e-02      1.472e-01      2.056e-01      2.805e-01      3.550e-01      4.117e-01      4.381e-01      4.369e-01      4.184e-01      3.904e-01      3.573e-01      3.218e-01      2.858e-01      2.508e-01      2.177e-01      1.987e-01      1.908e-01      1.813e-01      1.709e-01      1.600e-01      1.491e-01      1.383e-01      1.280e-01      1.181e-01      1.088e-01      1.001e-01      9.194e-02      8.437e-02      7.735e-02      7.084e-02      6.481e-02      5.922e-02      5.404e-02      4.923e-02      4.476e-02
      1.148e-03      6.017e-03      1.943e-02      4.660e-02      9.125e-02      1.446e-01      2.035e-01      2.739e-01      3.413e-01      3.939e-01      4.220e-01      4.240e-01      4.073e-01      3.802e-01      3.477e-01      3.128e-01      2.773e-01      2.429e-01      2.116e-01      1.926e-01      1.852e-01      1.767e-01      1.671e-01      1.569e-01      1.466e-01      1.363e-01      1.264e-01      1.169e-01      1.079e-01      9.945e-02      9.155e-02      8.418e-02      7.733e-02      7.097e-02      6.506e-02      5.958e-02      5.449e-02      4.975e-02      4.535e-02
      1.126e-03      5.871e-03      1.886e-02      4.494e-02      8.770e-02      1.412e-01      2.014e-01      2.698e-01      3.321e-01      3.793e-01      4.059e-01      4.096e-01      3.948e-01      3.688e-01      3.370e-01      3.028e-01      2.699e-01      2.414e-01      2.164e-01      1.933e-01      1.793e-01      1.716e-01      1.628e-01      1.534e-01      1.437e-01      1.340e-01      1.245e-01      1.154e-01      1.068e-01      9.862e-02      9.098e-02      8.383e-02      7.717e-02      7.097e-02      6.520e-02      5.984e-02      5.484e-02      5.020e-02      4.587e-02
      1.104e-03      5.731e-03      1.831e-02      4.340e-02      8.429e-02      1.379e-01      1.985e-01      2.661e-01      3.264e-01      3.692e-01      3.923e-01      3.953e-01      3.813e-01      3.570e-01      3.295e-01      3.027e-01      2.768e-01      2.507e-01      2.251e-01      2.006e-01      1.784e-01      1.659e-01      1.580e-01      1.494e-01      1.404e-01      1.313e-01      1.223e-01      1.137e-01      1.054e-01      9.758e-02      9.021e-02      8.330e-02      7.685e-02      7.082e-02      6.521e-02      5.998e-02      5.510e-02      5.055e-02      4.630e-02
      1.084e-03      5.598e-03      1.780e-02      4.197e-02      8.107e-02      1.339e-01      1.953e-01      2.628e-01      3.231e-01      3.645e-01      3.850e-01      3.879e-01      3.786e-01      3.617e-01      3.398e-01      3.146e-01      2.878e-01      2.606e-01      2.340e-01      2.086e-01      1.848e-01      1.640e-01      1.528e-01      1.450e-01      1.367e-01      1.282e-01      1.198e-01      1.116e-01      1.038e-01      9.630e-02      8.924e-02      8.259e-02      7.636e-02      7.053e-02      6.508e-02      6.000e-02      5.525e-02      5.080e-02      4.665e-02
      1.064e-03      5.472e-03      1.732e-02      4.064e-02      7.807e-02      1.293e-01      1.915e-01      2.594e-01      3.231e-01      3.692e-01      3.932e-01      3.991e-01      3.921e-01      3.758e-01      3.532e-01      3.271e-01      2.992e-01      2.709e-01      2.432e-01      2.168e-01      1.921e-01      1.695e-01      1.503e-01      1.401e-01      1.326e-01      1.248e-01      1.170e-01      1.093e-01      1.019e-01      9.479e-02      8.805e-02      8.169e-02      7.570e-02      7.008e-02      6.482e-02      5.989e-02      5.528e-02      5.095e-02      4.690e-02
      1.045e-03      5.351e-03      1.687e-02      3.939e-02      7.528e-02      1.245e-01      1.855e-01      2.529e-01      3.197e-01      3.721e-01      4.022e-01      4.116e-01      4.058e-01      3.898e-01      3.669e-01      3.399e-01      3.110e-01      2.815e-01      2.527e-01      2.253e-01      1.997e-01      1.762e-01      1.550e-01      1.374e-01      1.280e-01      1.210e-01      1.138e-01      1.067e-01      9.972e-02      9.303e-02      8.664e-02      8.058e-02      7.486e-02      6.947e-02      6.441e-02      5.965e-02      5.519e-02      5.100e-02      4.706e-02
      1.027e-03      5.235e-03      1.644e-02      3.822e-02      7.269e-02      1.198e-01      1.786e-01      2.442e-01      3.120e-01      3.699e-01      4.074e-01      4.221e-01      4.189e-01      4.036e-01      3.806e-01      3.530e-01      3.230e-01      2.925e-01      2.626e-01      2.341e-01      2.075e-01      1.831e-01      1.611e-01      1.415e-01      1.254e-01      1.168e-01      1.102e-01      1.037e-01      9.725e-02      9.100e-02      8.500e-02      7.926e-02      7.382e-02      6.868e-02      6.384e-02      5.927e-02      5.498e-02      5.093e-02      4.711e-02
      1.009e-03      5.125e-03      1.603e-02      3.712e-02      7.028e-02      1.153e-01      1.715e-01      2.343e-01      3.012e-01      3.626e-01      4.075e-01      4.294e-01      4.305e-01      4.169e-01      3.942e-01      3.662e-01      3.354e-01      3.038e-01      2.727e-01      2.431e-01      2.155e-01      1.902e-01      1.674e-01      1.471e-01      1.293e-01      1.146e-01      1.063e-01      1.004e-01      9.448e-02      8.870e-02      8.310e-02      7.772e-02      7.258e-02      6.771e-02      6.310e-02      5.874e-02      5.462e-02      5.074e-02      4.706e-02
      9.926e-04      5.019e-03      1.564e-02      3.608e-02      6.804e-02      1.112e-01      1.647e-01      2.243e-01      2.886e-01      3.511e-01      4.019e-01      4.319e-01      4.393e-01      4.291e-01      4.075e-01      3.794e-01      3.479e-01      3.153e-01      2.832e-01      2.525e-01      2.238e-01      1.975e-01      1.739e-01      1.529e-01      1.344e-01      1.182e-01      1.047e-01      9.678e-02      9.139e-02      8.610e-02      8.094e-02      7.594e-02      7.113e-02      6.655e-02      6.219e-02      5.805e-02      5.413e-02      5.041e-02      4.689e-02
      9.764e-04      4.918e-03      1.527e-02      3.510e-02      6.594e-02      1.073e-01      1.582e-01      2.146e-01      2.756e-01      3.368e-01      3.911e-01      4.285e-01      4.440e-01      4.392e-01      4.199e-01      3.923e-01      3.605e-01      3.271e-01      2.939e-01      2.621e-01      2.324e-01      2.051e-01      1.806e-01      1.589e-01      1.397e-01      1.229e-01      1.084e-01      9.599e-02      8.812e-02      8.320e-02      7.850e-02      7.391e-02      6.945e-02      6.518e-02      6.109e-02      5.719e-02      5.348e-02      4.995e-02      4.659e-02
      9.609e-04      4.821e-03      1.492e-02      3.418e-02      6.397e-02      1.037e-01      1.523e-01      2.055e-01      2.630e-01      3.214e-01      3.767e-01      4.192e-01      4.429e-01      4.456e-01      4.306e-01      4.046e-01      3.728e-01      3.389e-01      3.048e-01      2.720e-01      2.412e-01      2.130e-01      1.876e-01      1.650e-01      1.452e-01      1.278e-01      1.127e-01      9.960e-02      8.831e-02      8.040e-02      7.578e-02      7.161e-02      6.754e-02      6.359e-02      5.979e-02      5.615e-02      5.267e-02      4.934e-02      4.615e-02
      9.459e-04      4.728e-03      1.459e-02      3.330e-02      6.212e-02      1.003e-01      1.467e-01      1.972e-01      2.512e-01      3.062e-01      3.595e-01      4.051e-01      4.357e-01      4.469e-01      4.383e-01      4.155e-01      3.847e-01      3.505e-01      3.158e-01      2.821e-01      2.503e-01      2.211e-01      1.947e-01      1.714e-01      1.508e-01      1.329e-01      1.172e-01      1.036e-01      9.186e-02      8.166e-02      7.372e-02      6.906e-02      6.537e-02      6.178e-02      5.829e-02      5.492e-02      5.168e-02      4.857e-02      4.558e-02
      9.316e-04      4.639e-03      1.427e-02      3.247e-02      6.039e-02      9.720e-02      1.416e-01      1.895e-01      2.403e-01      2.918e-01      3.423e-01      3.879e-01      4.229e-01      4.421e-01      4.414e-01      4.241e-01      3.956e-01      3.619e-01      3.267e-01      2.922e-01      2.595e-01      2.294e-01      2.021e-01      1.779e-01      1.566e-01      1.380e-01      1.219e-01      1.078e-01      9.563e-02      8.506e-02      7.589e-02      6.818e-02      6.309e-02      5.972e-02      5.657e-02      5.349e-02      5.052e-02      4.764e-02      4.485e-02
      9.178e-04      4.553e-03      1.396e-02      3.169e-02      5.875e-02      9.426e-02      1.369e-01      1.825e-01      2.305e-01      2.786e-01      3.258e-01      3.695e-01      4.059e-01      4.313e-01      4.388e-01      4.287e-01      4.046e-01      3.724e-01      3.374e-01      3.024e-01      2.689e-01      2.378e-01      2.097e-01      1.847e-01      1.627e-01      1.434e-01      1.267e-01      1.121e-01      9.952e-02      8.859e-02      7.910e-02      7.086e-02      6.369e-02      5.813e-02      5.463e-02      5.185e-02      4.916e-02      4.652e-02      4.396e-02
      9.046e-04      4.470e-03      1.367e-02      3.094e-02      5.720e-02      9.151e-02      1.325e-01      1.760e-01      2.215e-01      2.666e-01      3.105e-01      3.515e-01      3.873e-01      4.158e-01      4.301e-01      4.281e-01      4.103e-01      3.815e-01      3.475e-01      3.123e-01      2.782e-01      2.464e-01      2.175e-01      1.917e-01      1.689e-01      1.490e-01      1.316e-01      1.166e-01      1.036e-01      9.224e-02      8.243e-02      7.390e-02      6.647e-02      5.996e-02      5.434e-02      5.028e-02      4.759e-02      4.522e-02      4.289e-02
      8.920e-04      4.391e-03      1.339e-02      3.022e-02      5.573e-02      8.890e-02      1.283e-01      1.700e-01      2.132e-01      2.558e-01      2.967e-01      3.347e-01      3.685e-01      3.975e-01      4.163e-01      4.216e-01      4.114e-01      3.879e-01      3.565e-01      3.219e-01      2.875e-01      2.550e-01      2.254e-01      1.988e-01      1.753e-01      1.547e-01      1.368e-01      1.212e-01      1.077e-01      9.602e-02      8.587e-02      7.705e-02      6.937e-02      6.264e-02      5.672e-02      5.148e-02      4.702e-02      4.387e-02      4.164e-02
      8.799e-04      4.315e-03      1.312e-02      2.954e-02      5.434e-02      8.647e-02      1.245e-01      1.645e-01      2.056e-01      2.458e-01      2.842e-01      3.195e-01      3.507e-01      3.785e-01      3.994e-01      4.097e-01      4.070e-01      3.903e-01      3.632e-01      3.305e-01      2.964e-01      2.635e-01      2.333e-01      2.060e-01      1.818e-01      1.606e-01      1.420e-01      1.260e-01      1.120e-01      9.992e-02      8.943e-02      8.032e-02      7.237e-02      6.542e-02      5.930e-02      5.388e-02      4.906e-02      4.476e-02      4.113e-02
      8.685e-04      4.241e-03      1.286e-02      2.889e-02      5.302e-02      8.417e-02      1.209e-01      1.593e-01      1.986e-01      2.368e-01      2.729e-01      3.057e-01      3.344e-01      3.602e-01      3.808e-01      3.938e-01      3.971e-01      3.875e-01      3.666e-01      3.375e-01      3.046e-01      2.718e-01      2.411e-01      2.132e-01      1.884e-01      1.666e-01      1.475e-01      1.309e-01      1.165e-01      1.040e-01      9.312e-02      8.370e-02      7.549e-02      6.830e-02      6.197e-02      5.638e-02      5.140e-02      4.695e-02      4.296e-02
      8.576e-04      4.171e-03      1.261e-02      2.827e-02      5.176e-02      8.199e-02      1.175e-01      1.544e-01      1.921e-01      2.285e-01      2.627e-01      2.934e-01      3.198e-01      3.432e-01      3.623e-01      3.760e-01      3.829e-01      3.796e-01      3.656e-01      3.416e-01      3.115e-01      2.796e-01      2.487e-01      2.204e-01      1.951e-01      1.727e-01      1.530e-01      1.359e-01      1.211e-01      1.081e-01      9.694e-02      8.720e-02      7.871e-02      7.129e-02      6.475e-02      5.897e-02      5.383e-02      4.923e-02      4.511e-02
      8.472e-04      4.103e-03      1.238e-02      2.768e-02      5.057e-02      7.993e-02      1.143e-01      1.499e-01      1.860e-01      2.209e-01      2.534e-01      2.822e-01      3.067e-01      3.280e-01      3.451e-01      3.579e-01      3.662e-01      3.671e-01      3.594e-01      3.417e-01      3.160e-01      2.863e-01      2.559e-01      2.275e-01      2.017e-01      1.788e-01      1.587e-01      1.411e-01      1.258e-01      1.124e-01      1.009e-01      9.083e-02      8.206e-02      7.439e-02      6.764e-02      6.167e-02      5.635e-02      5.161e-02      4.735e-02
      8.375e-04      4.037e-03      1.215e-02      2.711e-02      4.943e-02      7.798e-02      1.112e-01      1.456e-01      1.804e-01      2.138e-01      2.449e-01      2.721e-01      2.950e-01      3.143e-01      3.295e-01      3.408e-01      3.489e-01      3.518e-01      3.488e-01      3.373e-01      3.171e-01      2.911e-01      2.624e-01      2.342e-01      2.082e-01      1.848e-01      1.643e-01      1.463e-01      1.306e-01      1.169e-01      1.050e-01      9.457e-02      8.553e-02      7.761e-02      7.063e-02      6.447e-02      5.898e-02      5.409e-02      4.969e-02
      8.285e-04      3.975e-03      1.193e-02      2.657e-02      4.834e-02      7.612e-02      1.084e-01      1.416e-01      1.751e-01      2.073e-01      2.371e-01      2.630e-01      2.844e-01      3.021e-01      3.156e-01      3.252e-01      3.322e-01      3.355e-01      3.351e-01      3.284e-01      3.141e-01      2.929e-01      2.672e-01      2.403e-01      2.144e-01      1.908e-01      1.699e-01      1.515e-01      1.355e-01      1.214e-01      1.091e-01      9.844e-02      8.911e-02      8.094e-02      7.375e-02      6.738e-02      6.172e-02      5.666e-02      5.213e-02
      8.202e-04      3.914e-03      1.172e-02      2.604e-02      4.731e-02      7.435e-02      1.057e-01      1.378e-01      1.702e-01      2.013e-01      2.299e-01      2.547e-01      2.748e-01      2.911e-01      3.031e-01      3.113e-01      3.168e-01      3.195e-01      3.197e-01      3.163e-01      3.069e-01      2.911e-01      2.696e-01      2.451e-01      2.202e-01      1.966e-01      1.754e-01      1.567e-01      1.403e-01      1.259e-01      1.134e-01      1.024e-01      9.280e-02      8.438e-02      7.697e-02      7.040e-02      6.457e-02      5.935e-02      5.467e-02
      8.125e-04      3.857e-03      1.152e-02      2.554e-02      4.631e-02      7.266e-02      1.031e-01      1.343e-01      1.656e-01      1.957e-01      2.233e-01      2.470e-01      2.661e-01      2.812e-01      2.920e-01      2.988e-01      3.030e-01      3.046e-01      3.045e-01      3.024e-01      2.963e-01      2.853e-01      2.686e-01      2.478e-01      2.249e-01      2.018e-01      1.807e-01      1.618e-01      1.452e-01      1.305e-01      1.177e-01      1.064e-01      9.658e-02      8.793e-02      8.030e-02      7.354e-02      6.752e-02      6.215e-02      5.732e-02
      8.056e-04      3.801e-03      1.132e-02      2.506e-02      4.536e-02      7.106e-02      1.006e-01      1.309e-01      1.613e-01      1.905e-01      2.173e-01      2.401e-01      2.582e-01      2.722e-01      2.819e-01      2.876e-01      2.907e-01      2.912e-01      2.903e-01      2.882e-01      2.838e-01      2.762e-01      2.641e-01      2.476e-01      2.277e-01      2.061e-01      1.855e-01      1.667e-01      1.499e-01      1.350e-01      1.220e-01      1.105e-01      1.004e-01      9.155e-02      8.372e-02      7.677e-02      7.059e-02      6.505e-02      6.009e-02
