9084 4.96971e-13
9085 0.000359354
9086 0.0007187
9087 0.00145735
9088 0.00219597
9089 0.00293458
9090 0.00367316
9091 0.0043959
9092 0.00511998
9093 0.00586541
9094 0.00661221
9095 0.00736039
9096 0.00810632
9097 0.00883291
9098 0.0095602
9099 0.0103083
9100 0.0110571
9101 0.0117782
9102 0.0124964
9103 0.0131918
9104 0.0138845
9105 0.0145944
9106 0.0153702
9107 0.0161497
9108 0.0169329
9109 0.0176998
9110 0.0184703
9111 0.0192341
9112 0.0199993
9113 0.0207658
9114 0.0215337
9115 0.0222826
9116 0.022947
9117 0.0236274
9118 0.0243037
9119 0.0249557
9120 0.0256037
9121 0.0264081
9122 0.0272162
9123 0.0280278
9124 0.028843
9125 0.0296416
9126 0.030191
9127 0.030752
9128 0.0313043
9129 0.0318479
9130 0.0323829
9131 0.0328715
9132 0.033351
9133 0.0338404
9134 0.0343205
9135 0.0351517
9136 0.0364065
9137 0.0380369
9138 0.0396823
9139 0.0413232
9140 0.0429789
9141 0.0447687
9142 0.0465796
9143 0.0484117
9144 0.0502649
9145 0.0521188
9146 0.0534686
9147 0.0548303
9148 0.0561838
9149 0.0575291
9150 0.0588661
9151 0.0596868
9152 0.0604745
9153 0.0612099
9154 0.0619128
9155 0.0626021
9156 0.0641961
9157 0.0657978
9158 0.0674073
9159 0.0690246
9160 0.0706497
9161 0.0728538
9162 0.0750883
9163 0.0773727
9164 0.0796879
9165 0.0820337
9166 0.0835609
9167 0.0850886
9168 0.086617
9169 0.0881258
9170 0.0896352
9171 0.0904535
9172 0.0912495
9173 0.0920231
9174 0.0927744
9175 0.0935033
9176 0.0946345
9177 0.0957368
9178 0.0968295
9179 0.0979318
9180 0.0990245
9181 0.101014
9182 0.103018
9183 0.105019
9184 0.107034
9185 0.109084
9186 0.111173
9187 0.113279
9188 0.1154
9189 0.117537
9190 0.119689
9191 0.121371
9192 0.123057
9193 0.124768
9194 0.126484
9195 0.128203
9196 0.129708
9197 0.131212
9198 0.132715
9199 0.134197
9200 0.135678
9201 0.137542
9202 0.139413
9203 0.141291
9204 0.143176
9205 0.145068
9206 0.146507
9207 0.147924
9208 0.149339
9209 0.150771
9210 0.152202
9211 0.153257
9212 0.154303
9213 0.15534
9214 0.156368
9215 0.157367
9216 0.158726
9217 0.160104
9218 0.161479
9219 0.162851
9220 0.164222
9221 0.165983
9222 0.16775
9223 0.16954
9224 0.171336
9225 0.173135
9226 0.1745
9227 0.175862
9228 0.177222
9229 0.178559
9230 0.179893
9231 0.181156
9232 0.182414
9233 0.183668
9234 0.184918
9235 0.186164
9236 0.187328
9237 0.188468
9238 0.189603
9239 0.190753
9240 0.191897
9241 0.193068
9242 0.194234
9243 0.195393
9244 0.196547
9245 0.197676
9246 0.198968
9247 0.200276
9248 0.20158
9249 0.202879
9250 0.204175
9251 0.205746
9252 0.207317
9253 0.208907
9254 0.210497
9255 0.212086
9256 0.213584
9257 0.215081
9258 0.216576
9259 0.218051
9260 0.219525
9261 0.22097
9262 0.222414
9263 0.223858
9264 0.225301
9265 0.226745
9266 0.228332
9267 0.229901
9268 0.231471
9269 0.233062
9270 0.234654
9271 0.234726
9272 0.234781
9273 0.234821
9274 0.234846
9275 0.234835
9276 0.234303
9277 0.233768
9278 0.233212
9279 0.232636
9280 0.232039
9281 0.232915
9282 0.233786
9283 0.234633
9284 0.235475
9285 0.23633
9286 0.236914
9287 0.23749
9288 0.23806
9289 0.238603
9290 0.239139
9291 0.239203
9292 0.239252
9293 0.239288
9294 0.23931
9295 0.239316
9296 0.2383
9297 0.237242
9298 0.236161
9299 0.235072
9300 0.233959
9301 0.233069
9302 0.232157
9303 0.231223
9304 0.230267
9305 0.229274
9306 0.228318
9307 0.227357
9308 0.226375
9309 0.225374
9310 0.224352
9311 0.223038
9312 0.221703
9313 0.220333
9314 0.218944
9315 0.217551
9316 0.214127
9317 0.210667
9318 0.207172
9319 0.203643
9320 0.200079
9321 0.199211
9322 0.198329
9323 0.197446
9324 0.196549
9325 0.195639
9326 0.196742
9327 0.197834
9328 0.198927
9329 0.200033
9330 0.201141
9331 0.200627
9332 0.200102
9333 0.199567
9334 0.199021
9335 0.198454
9336 0.194464
9337 0.190451
9338 0.186406
9339 0.182327
9340 0.178215
9341 0.177068
9342 0.175908
9343 0.174726
9344 0.173533
9345 0.172337
9346 0.178452
9347 0.184602
9348 0.190788
9349 0.197008
9350 0.203264
9351 0.205689
9352 0.208126
9353 0.210273
9354 0.212428
9355 0.214472
9356 0.21304
9357 0.211605
9358 0.210164
9359 0.208719
9360 0.207269
9361 0.208282
9362 0.209297
9363 0.210312
9364 0.211329
9365 0.212346
9366 0.21146
9367 0.210571
9368 0.209678
9369 0.208783
9370 0.207884
9371 0.210303
9372 0.212726
9373 0.215154
9374 0.217585
9375 0.22002
9376 0.221104
9377 0.222084
9378 0.223064
9379 0.223704
9380 0.224342
9381 0.225152
9382 0.225959
9383 0.226765
9384 0.22757
9385 0.228373
9386 0.234345
9387 0.240304
9388 0.246252
9389 0.252189
9390 0.258117
9391 0.264248
9392 0.270367
9393 0.276475
9394 0.282574
9395 0.288665
9396 0.287451
9397 0.286246
9398 0.285048
9399 0.283859
9400 0.282679
9401 0.279072
9402 0.275475
9403 0.271889
9404 0.268312
9405 0.264744
9406 0.264388
9407 0.264036
9408 0.263689
9409 0.263344
9410 0.263002
9411 0.264758
9412 0.266512
9413 0.268263
9414 0.27001
9415 0.271753
9416 0.271137
9417 0.270521
9418 0.269907
9419 0.269293
9420 0.26868
9421 0.263361
9422 0.25805
9423 0.252748
9424 0.247455
9425 0.24217
9426 0.238198
9427 0.234233
9428 0.230274
9429 0.226321
9430 0.222374
9431 0.225196
9432 0.228014
9433 0.230829
9434 0.233641
9435 0.236449
9436 0.233864
9437 0.231279
9438 0.228697
9439 0.226118
9440 0.223541
9441 0.221218
9442 0.218899
9443 0.216584
9444 0.214274
9445 0.211969
9446 0.217396
9447 0.222819
9448 0.228238
9449 0.233653
9450 0.239064
9451 0.239874
9452 0.240687
9453 0.241501
9454 0.242316
9455 0.243134
9456 0.23984
9457 0.236552
9458 0.233268
9459 0.229989
9460 0.226714
9461 0.227813
9462 0.22891
9463 0.230007
9464 0.231101
9465 0.232192
9466 0.235225
9467 0.238255
9468 0.241282
9469 0.244305
9470 0.247325
9471 0.246728
9472 0.246132
9473 0.245536
9474 0.244941
9475 0.244347
9476 0.239956
9477 0.235571
9478 0.231194
9479 0.226822
9480 0.222457
9481 0.224155
9482 0.22585
9483 0.227544
9484 0.229237
9485 0.230927
9486 0.236922
9487 0.242911
9488 0.248896
9489 0.254876
9490 0.26085
9491 0.257465
9492 0.254084
9493 0.250706
9494 0.247331
9495 0.24396
9496 0.239209
9497 0.234462
9498 0.22972
9499 0.224983
9500 0.22025
9501 0.22347
9502 0.226684
9503 0.229894
9504 0.233099
9505 0.236299
9506 0.242114
9507 0.247921
9508 0.253719
9509 0.259509
9510 0.265291
9511 0.26424
9512 0.26319
9513 0.262142
9514 0.261094
9515 0.260048
9516 0.253475
9517 0.246912
9518 0.240358
9519 0.233814
9520 0.22728
9521 0.225486
9522 0.223695
9523 0.221907
9524 0.220121
9525 0.218337
9526 0.221655
9527 0.224967
9528 0.228274
9529 0.231576
9530 0.234872
9531 0.236875
9532 0.238874
9533 0.24087
9534 0.242863
9535 0.244852
9536 0.245236
9537 0.24562
9538 0.246004
9539 0.246386
9540 0.246767
9541 0.24585
9542 0.244933
9543 0.244017
9544 0.243101
9545 0.242185
9546 0.242414
9547 0.242642
9548 0.242868
9549 0.243093
9550 0.243317
9551 0.24223
9552 0.241144
9553 0.240058
9554 0.238972
9555 0.237886
9556 0.236737
9557 0.235588
9558 0.23444
9559 0.233293
9560 0.232146
9561 0.232266
9562 0.232384
9563 0.232502
9564 0.232619
9565 0.232736
9566 0.233165
9567 0.233593
9568 0.23402
9569 0.234446
9570 0.23487
9571 0.238511
9572 0.242144
9573 0.245771
9574 0.24939
9575 0.253002
9576 0.253134
9577 0.253266
9578 0.253397
9579 0.253528
9580 0.253658
9581 0.25166
9582 0.249665
9583 0.247673
9584 0.245683
9585 0.243697
9586 0.241898
9587 0.240101
9588 0.238307
9589 0.236516
9590 0.234727
9591 0.233338
9592 0.231952
9593 0.230567
9594 0.229184
9595 0.227802
9596 0.22953
9597 0.231253
9598 0.232971
9599 0.234685
9600 0.236395
9601 0.238049
9602 0.239699
9603 0.241344
9604 0.242985
9605 0.244623
9606 0.245652
9607 0.246679
9608 0.247703
9609 0.248724
9610 0.249742
9611 0.250766
9612 0.251787
9613 0.252805
9614 0.253821
9615 0.254834
9616 0.253336
9617 0.25184
9618 0.250346
9619 0.248855
9620 0.247365
9621 0.244827
9622 0.242293
9623 0.239762
9624 0.237235
9625 0.234712
9626 0.236457
9627 0.238198
9628 0.239935
9629 0.241668
9630 0.243397
9631 0.245109
9632 0.246817
9633 0.248521
9634 0.250222
9635 0.251919
9636 0.251031
9637 0.250146
9638 0.249261
9639 0.248378
9640 0.247497
9641 0.247251
9642 0.247005
9643 0.246759
9644 0.246513
9645 0.246266
9646 0.246889
9647 0.247509
9648 0.248127
9649 0.248741
9650 0.249352
9651 0.250554
9652 0.251752
9653 0.252947
9654 0.254138
9655 0.255325
9656 0.25404
9657 0.252756
9658 0.251474
9659 0.250193
9660 0.248913
9661 0.246647
9662 0.244385
9663 0.242128
9664 0.239875
9665 0.237627
9666 0.238394
9667 0.239159
9668 0.239923
9669 0.240684
9670 0.241443
9671 0.245045
9672 0.248639
9673 0.252225
9674 0.255804
9675 0.259375
9676 0.260409
9677 0.26144
9678 0.262468
9679 0.263494
9680 0.264516
9681 0.263134
9682 0.261754
9683 0.260376
9684 0.259
9685 0.257627
9686 0.258034
9687 0.258439
9688 0.258842
9689 0.259243
9690 0.259642
9691 0.260084
9692 0.260524
9693 0.260963
9694 0.261399
9695 0.261834
9696 0.261003
9697 0.260173
9698 0.259344
9699 0.258515
9700 0.257687
9701 0.257208
9702 0.256729
9703 0.25625
9704 0.255771
9705 0.255292
9706 0.255683
9707 0.256073
9708 0.25646
9709 0.256847
9710 0.257231
9711 0.256361
9712 0.255493
9713 0.254626
9714 0.25376
9715 0.252895
9716 0.252354
9717 0.251813
9718 0.251273
9719 0.250732
9720 0.250192
9721 0.249747
9722 0.249303
9723 0.248858
9724 0.248414
9725 0.247969
9726 0.246995
9727 0.246022
9728 0.245051
9729 0.244082
9730 0.243115
9731 0.242398
9732 0.241683
9733 0.240969
9734 0.240256
9735 0.239544
9736 0.239096
9737 0.238647
9738 0.238199
9739 0.237752
9740 0.237305
9741 0.236585
9742 0.235865
9743 0.235147
9744 0.23443
9745 0.233714
9746 0.232998
9747 0.232284
9748 0.231571
9749 0.230858
9750 0.230147
9751 0.230047
9752 0.229945
9753 0.229844
9754 0.229742
9755 0.229639
9756 0.229127
9757 0.228615
9758 0.228104
9759 0.227593
9760 0.227083
9761 0.227287
9762 0.227489
9763 0.22769
9764 0.227889
9765 0.228087
9766 0.229192
9767 0.230292
9768 0.23139
9769 0.232483
9770 0.233573
9771 0.233917
9772 0.23426
9773 0.234601
9774 0.234941
9775 0.235279
9776 0.23447
9777 0.233662
9778 0.232856
9779 0.232051
9780 0.231247
9781 0.230719
9782 0.230192
9783 0.229665
9784 0.229138
9785 0.228611
9786 0.228281
9787 0.227952
9788 0.227622
9789 0.227291
9790 0.226961
9791 0.226468
9792 0.225976
9793 0.225484
9794 0.224993
9795 0.224503
9796 0.224547
9797 0.22459
9798 0.224633
9799 0.224675
9800 0.224716
9801 0.224745
9802 0.224774
9803 0.224801
9804 0.224828
9805 0.224853
9806 0.22574
9807 0.226623
9808 0.227503
9809 0.228379
9810 0.229252
9811 0.229343
9812 0.229433
9813 0.229522
9814 0.229609
9815 0.229695
9816 0.229166
9817 0.228637
9818 0.228108
9819 0.22758
9820 0.227052
9821 0.226384
9822 0.225718
9823 0.225053
9824 0.224389
9825 0.223726
9826 0.223345
9827 0.222963
9828 0.222582
9829 0.222201
9830 0.22182
9831 0.222145
9832 0.222467
9833 0.222788
9834 0.223107
9835 0.223424
9836 0.22351
9837 0.223596
9838 0.22368
9839 0.223763
9840 0.223844
9841 0.223352
9842 0.222861
9843 0.222368
9844 0.221876
9845 0.221382
9846 0.220843
9847 0.220303
9848 0.219763
9849 0.219223
9850 0.218681
9851 0.218597
9852 0.218511
9853 0.218423
9854 0.218333
9855 0.218242
9856 0.218283
9857 0.218322
9858 0.218358
9859 0.218393
9860 0.218426
9861 0.218154
9862 0.217883
9863 0.217611
9864 0.217339
9865 0.217067
9866 0.21662
9867 0.216173
9868 0.215727
9869 0.215281
9870 0.214835
9871 0.214446
9872 0.214056
9873 0.213667
9874 0.213278
9875 0.21289
9876 0.212675
9877 0.212459
9878 0.212244
9879 0.212028
9880 0.211812
9881 0.211661
9882 0.211509
9883 0.211357
9884 0.211203
9885 0.211049
9886 0.210724
9887 0.210398
9888 0.210072
9889 0.209746
9890 0.209419
9891 0.209018
9892 0.208618
9893 0.208217
9894 0.207818
9895 0.207419
9896 0.206978
9897 0.206539
9898 0.2061
9899 0.205662
9900 0.205225
9901 0.204931
9902 0.204639
9903 0.204346
9904 0.204054
9905 0.203763
9906 0.203513
9907 0.203264
9908 0.203014
9909 0.202765
9910 0.202515
9911 0.202209
9912 0.201904
9913 0.201597
9914 0.201291
9915 0.200985
9916 0.200718
9917 0.200452
9918 0.200185
9919 0.199918
9920 0.199651
9921 0.199292
9922 0.198933
9923 0.198573
9924 0.198214
9925 0.197855
9926 0.197497
9927 0.197138
9928 0.196779
9929 0.196421
9930 0.196063
9931 0.195777
9932 0.195491
9933 0.195205
9934 0.194919
9935 0.194632
9936 0.194385
9937 0.194137
9938 0.193888
9939 0.19364
9940 0.193391
9941 0.193082
9942 0.192772
9943 0.192463
9944 0.192155
9945 0.191846
9946 0.191539
9947 0.191231
9948 0.190925
9949 0.190618
9950 0.190312
9951 0.190005
9952 0.189699
9953 0.189393
9954 0.189087
9955 0.188781
9956 0.188476
9957 0.188171
9958 0.187866
9959 0.187562
9960 0.187257
9961 0.186936
9962 0.186614
9963 0.186292
9964 0.18597
9965 0.185648
9966 0.185325
9967 0.185003
9968 0.18468
9969 0.184357
9970 0.184034
9971 0.183718
9972 0.183403
9973 0.183088
9974 0.182773
9975 0.182458
9976 0.182143
9977 0.181829
9978 0.181514
9979 0.1812
9980 0.180886
9981 0.180581
9982 0.180277
9983 0.179973
9984 0.179668
9985 0.179364
9986 0.17906
9987 0.178755
9988 0.178451
9989 0.178147
9990 0.177843
9991 0.177524
9992 0.177204
9993 0.176885
9994 0.176565
9995 0.176244
9996 0.175923
9997 0.175602
9998 0.17528
9999 0.174958
10000 0.174635
10001 0.174372
10002 0.174108
10003 0.173844
10004 0.173579
10005 0.173314
10006 0.172979
10007 0.172643
10008 0.172307
10009 0.171971
10010 0.171635
10011 0.171259
10012 0.170883
10013 0.170508
10014 0.170133
10015 0.169758
10016 0.169384
10017 0.169009
10018 0.168636
10019 0.168262
10020 0.167888
10021 0.167611
10022 0.167333
10023 0.167056
10024 0.166778
10025 0.1665
10026 0.166289
10027 0.166078
10028 0.165866
10029 0.165654
10030 0.165442
10031 0.165123
10032 0.164805
10033 0.164486
10034 0.164167
10035 0.163849
10036 0.163531
10037 0.163212
10038 0.162894
10039 0.162576
10040 0.162258
10041 0.161955
10042 0.161651
10043 0.161347
10044 0.161043
10045 0.160739
10046 0.160435
10047 0.16013
10048 0.159825
10049 0.159519
10050 0.159214
10051 0.158899
10052 0.158585
10053 0.15827
10054 0.157955
10055 0.157639
10056 0.157323
10057 0.157006
10058 0.15669
10059 0.156373
10060 0.156055
10061 0.155758
10062 0.15546
10063 0.155162
10064 0.154865
10065 0.154567
10066 0.154301
10067 0.154034
10068 0.153767
10069 0.153501
10070 0.153234
10071 0.152915
10072 0.152595
10073 0.152276
10074 0.151957
10075 0.151638
10076 0.15135
10077 0.151062
10078 0.150774
10079 0.150486
10080 0.150198
10081 0.14985
10082 0.149501
10083 0.149153
10084 0.148804
10085 0.148456
10086 0.148107
10087 0.147758
10088 0.147409
10089 0.14706
10090 0.146712
10091 0.146374
10092 0.146037
10093 0.145701
10094 0.145365
10095 0.14503
10096 0.144754
10097 0.144479
10098 0.144205
10099 0.143931
10100 0.143658
10101 0.143444
10102 0.14323
10103 0.143016
10104 0.142803
10105 0.14259
10106 0.142349
10107 0.142108
10108 0.141867
10109 0.141627
10110 0.141386
10111 0.141094
10112 0.140802
10113 0.14051
10114 0.140218
10115 0.139926
10116 0.139604
10117 0.139283
10118 0.138961
10119 0.13864
10120 0.138319
10121 0.138033
10122 0.137747
10123 0.13746
10124 0.137174
10125 0.136888
10126 0.13663
10127 0.136372
10128 0.136113
10129 0.135855
10130 0.135596
10131 0.13532
10132 0.135043
10133 0.134766
10134 0.134489
10135 0.134212
10136 0.133936
10137 0.133659
10138 0.133382
10139 0.133105
10140 0.132828
10141 0.132539
10142 0.13225
10143 0.13196
10144 0.13167
10145 0.13138
10146 0.131089
10147 0.130798
10148 0.130507
10149 0.130216
10150 0.129924
10151 0.129655
10152 0.129386
10153 0.129117
10154 0.128847
10155 0.128577
10156 0.128307
10157 0.128036
10158 0.127766
10159 0.127495
10160 0.127224
10161 0.126943
10162 0.126661
10163 0.12638
10164 0.126098
10165 0.125817
10166 0.125536
10167 0.125255
10168 0.124973
10169 0.124692
10170 0.124411
10171 0.124124
10172 0.123838
10173 0.123551
10174 0.123264
10175 0.122978
10176 0.122691
10177 0.122404
10178 0.122118
10179 0.121831
10180 0.121545
10181 0.121272
10182 0.120999
10183 0.120727
10184 0.120454
10185 0.120181
10186 0.119884
10187 0.119587
10188 0.11929
10189 0.118994
10190 0.118697
10191 0.118441
10192 0.118185
10193 0.117928
10194 0.117672
10195 0.117416
10196 0.117183
10197 0.11695
10198 0.116716
10199 0.116483
10200 0.11625
10201 0.115975
10202 0.1157
10203 0.115426
10204 0.115151
10205 0.114877
10206 0.114602
10207 0.114328
10208 0.114053
10209 0.113779
10210 0.113504
10211 0.113241
10212 0.112978
10213 0.112715
10214 0.112451
10215 0.112188
10216 0.111925
10217 0.111661
10218 0.111398
10219 0.111134
10220 0.110871
10221 0.110611
10222 0.110351
10223 0.110091
10224 0.109831
10225 0.109571
10226 0.109288
10227 0.109006
10228 0.108724
10229 0.108442
10230 0.108161
10231 0.107904
10232 0.107647
10233 0.107389
10234 0.107132
10235 0.106875
10236 0.106597
10237 0.106319
10238 0.10604
10239 0.105762
10240 0.105485
10241 0.105258
10242 0.10503
10243 0.104803
10244 0.104575
10245 0.104347
10246 0.104119
10247 0.10389
10248 0.103661
10249 0.103431
10250 0.103202
10251 0.102843
10252 0.102484
10253 0.102125
10254 0.101765
10255 0.101406
10256 0.101046
10257 0.100686
10258 0.100326
10259 0.099966
10260 0.0996057
10261 0.0992493
10262 0.0988928
10263 0.0985364
10264 0.0981801
10265 0.0978238
10266 0.0974678
10267 0.0971118
10268 0.0967558
10269 0.0964
10270 0.0960443
10271 0.0957138
10272 0.0953834
10273 0.095053
10274 0.0947226
10275 0.0943923
10276 0.0940621
10277 0.0937318
10278 0.0934016
10279 0.0930714
10280 0.0927411
10281 0.0924044
10282 0.0920678
10283 0.0917311
10284 0.0913944
10285 0.0910576
10286 0.0907206
10287 0.0903833
10288 0.0900458
10289 0.0897084
10290 0.089371
10291 0.0890483
10292 0.0887257
10293 0.0884033
10294 0.0880813
10295 0.0877596
10296 0.0874559
10297 0.0871526
10298 0.0868496
10299 0.0865469
10300 0.0862445
10301 0.0859252
10302 0.0856063
10303 0.0852879
10304 0.0849699
10305 0.0846523
10306 0.084335
10307 0.0840181
10308 0.0837013
10309 0.0833848
10310 0.0830684
10311 0.0827663
10312 0.0824642
10313 0.0821621
10314 0.0818598
10315 0.0815573
10316 0.0812544
10317 0.0809515
10318 0.0806485
10319 0.0803454
10320 0.0800424
10321 0.0797445
10322 0.0794465
10323 0.0791485
10324 0.0788506
10325 0.0785526
10326 0.0782548
10327 0.0779569
10328 0.0776591
10329 0.0773613
10330 0.0770635
10331 0.0767812
10332 0.0764988
10333 0.0762163
10334 0.0759339
10335 0.0756513
10336 0.0753688
10337 0.0750862
10338 0.0748036
10339 0.0745209
10340 0.074238
10341 0.0739512
10342 0.0736642
10343 0.0733771
10344 0.0730898
10345 0.0728023
10346 0.0725147
10347 0.0722268
10348 0.0719388
10349 0.0716507
10350 0.0713623
10351 0.0711044
10352 0.0708462
10353 0.0705877
10354 0.0703289
10355 0.0700699
10356 0.0698106
10357 0.0695512
10358 0.0692915
10359 0.0690315
10360 0.0687714
10361 0.0684909
10362 0.0682105
10363 0.0679301
10364 0.0676498
10365 0.0673697
10366 0.0670897
10367 0.0668099
10368 0.0665301
10369 0.0662503
10370 0.0659707
10371 0.0657109
10372 0.0654511
10373 0.0651912
10374 0.0649313
10375 0.0646713
10376 0.0644113
10377 0.0641513
10378 0.0638913
10379 0.0636312
10380 0.0633711
10381 0.0631201
10382 0.062869
10383 0.0626179
10384 0.0623669
10385 0.0621158
10386 0.0618647
10387 0.0616135
10388 0.0613624
10389 0.0611113
10390 0.0608601
10391 0.060602
10392 0.0603439
10393 0.0600858
10394 0.0598278
10395 0.0595699
10396 0.059312
10397 0.0590541
10398 0.0587963
10399 0.0585385
10400 0.0582808
10401 0.0580444
10402 0.057808
10403 0.0575716
10404 0.0573351
10405 0.0570986
10406 0.056862
10407 0.0566254
10408 0.0563888
10409 0.0561521
10410 0.0559154
10411 0.0556793
10412 0.0554432
10413 0.0552071
10414 0.0549708
10415 0.0547346
10416 0.0544983
10417 0.054262
10418 0.0540256
10419 0.0537892
10420 0.0535527
10421 0.0533233
10422 0.053094
10423 0.0528646
10424 0.0526353
10425 0.0524059
10426 0.0521766
10427 0.0519472
10428 0.0517178
10429 0.0514884
10430 0.0512591
10431 0.0510292
10432 0.0507993
10433 0.0505695
10434 0.0503396
10435 0.0501098
10436 0.04988
10437 0.0496502
10438 0.0494205
10439 0.0491907
10440 0.048961
10441 0.0487408
10442 0.0485205
10443 0.0483003
10444 0.0480799
10445 0.0478596
10446 0.0476295
10447 0.0473995
10448 0.0471695
10449 0.0469396
10450 0.0467096
10451 0.046497
10452 0.0462842
10453 0.0460713
10454 0.0458582
10455 0.0456449
10456 0.0454315
10457 0.0452179
10458 0.0450041
10459 0.0447903
10460 0.0445763
10461 0.0443639
10462 0.0441516
10463 0.0439393
10464 0.0437271
10465 0.043515
10466 0.0433029
10467 0.0430909
10468 0.042879
10469 0.0426672
10470 0.0424554
10471 0.0422577
10472 0.0420599
10473 0.0418622
10474 0.0416645
10475 0.0414668
10476 0.0412691
10477 0.0410714
10478 0.0408737
10479 0.040676
10480 0.0404783
10481 0.0402792
10482 0.0400802
10483 0.0398811
10484 0.039682
10485 0.0394828
10486 0.0392756
10487 0.0390683
10488 0.0388611
10489 0.038654
10490 0.0384468
10491 0.0382563
10492 0.0380658
10493 0.0378753
10494 0.0376849
10495 0.0374945
10496 0.0373043
10497 0.0371141
10498 0.036924
10499 0.036734
10500 0.0365441
10501 0.0363612
10502 0.0361784
10503 0.0359956
10504 0.035813
10505 0.0356305
10506 0.035448
10507 0.0352656
10508 0.0350833
10509 0.034901
10510 0.0347188
10511 0.0345354
10512 0.034352
10513 0.0341687
10514 0.0339853
10515 0.0338018
10516 0.0336184
10517 0.0334349
10518 0.0332514
10519 0.0330679
10520 0.0328844
10521 0.0327071
10522 0.0325299
10523 0.0323528
10524 0.0321757
10525 0.0319987
10526 0.0318281
10527 0.0316575
10528 0.0314869
10529 0.0313163
10530 0.0311457
10531 0.0309791
10532 0.0308126
10533 0.0306461
10534 0.0304795
10535 0.030313
10536 0.0301465
10537 0.0299799
10538 0.0298134
10539 0.0296469
10540 0.0294803
10541 0.0293155
10542 0.0291507
10543 0.0289859
10544 0.0288212
10545 0.0286566
10546 0.0284977
10547 0.0283389
10548 0.02818
10549 0.0280211
10550 0.0278621
10551 0.0277064
10552 0.0275506
10553 0.0273948
10554 0.0272391
10555 0.0270834
10556 0.0269222
10557 0.0267611
10558 0.0266001
10559 0.0264391
10560 0.0262783
10561 0.0261289
10562 0.0259795
10563 0.0258301
10564 0.0256807
10565 0.0255313
10566 0.0253768
10567 0.0252224
10568 0.025068
10569 0.0249137
10570 0.0247595
10571 0.0246197
10572 0.0244798
10573 0.02434
10574 0.0242001
10575 0.0240601
10576 0.0239153
10577 0.0237705
10578 0.0236257
10579 0.0234809
10580 0.0233362
10581 0.0231992
10582 0.0230622
10583 0.0229252
10584 0.0227882
10585 0.0226512
10586 0.0225142
10587 0.0223772
10588 0.0222401
10589 0.0221031
10590 0.0219661
10591 0.0218387
10592 0.0217114
10593 0.0215841
10594 0.0214568
10595 0.0213295
10596 0.0212065
10597 0.0210835
10598 0.0209605
10599 0.0208374
10600 0.0207143
10601 0.0205886
10602 0.0204629
10603 0.0203371
10604 0.0202114
10605 0.0200857
10606 0.0199559
10607 0.0198261
10608 0.0196964
10609 0.0195668
10610 0.0194372
10611 0.0193171
10612 0.019197
10613 0.0190769
10614 0.0189568
10615 0.0188368
10616 0.0187167
10617 0.0185966
10618 0.0184765
10619 0.0183564
10620 0.0182363
10621 0.018125
10622 0.0180136
10623 0.0179024
10624 0.0177911
10625 0.0176799
10626 0.0175723
10627 0.0174646
10628 0.017357
10629 0.0172493
10630 0.0171417
10631 0.0170343
10632 0.0169268
10633 0.0168194
10634 0.016712
10635 0.0166045
10636 0.0164937
10637 0.0163829
10638 0.0162721
10639 0.0161613
10640 0.0160506
10641 0.015954
10642 0.0158573
10643 0.0157607
10644 0.015664
10645 0.0155674
10646 0.0154707
10647 0.015374
10648 0.0152774
10649 0.0151807
10650 0.015084
10651 0.0149873
10652 0.0148906
10653 0.0147939
10654 0.0146972
10655 0.0146005
10656 0.0145037
10657 0.014407
10658 0.0143103
10659 0.0142135
10660 0.0141168
10661 0.0140316
10662 0.0139465
10663 0.0138613
10664 0.0137762
10665 0.013691
10666 0.0136058
10667 0.0135206
10668 0.0134354
10669 0.0133502
10670 0.013265
10671 0.0131801
10672 0.0130952
10673 0.0130103
10674 0.0129254
10675 0.0128405
10676 0.0127556
10677 0.0126706
10678 0.0125857
10679 0.0125007
10680 0.0124157
10681 0.0123439
10682 0.012272
10683 0.0122001
10684 0.0121282
10685 0.0120562
10686 0.0119842
10687 0.0119122
10688 0.0118401
10689 0.0117681
10690 0.011696
10691 0.0116283
10692 0.0115606
10693 0.0114929
10694 0.0114252
10695 0.0113575
10696 0.011292
10697 0.0112265
10698 0.011161
10699 0.0110954
10700 0.0110298
10701 0.0109622
10702 0.0108945
10703 0.0108269
10704 0.0107592
10705 0.0106915
10706 0.0106237
10707 0.010556
10708 0.0104882
10709 0.0104205
10710 0.0103527
10711 0.0102956
10712 0.0102384
10713 0.0101813
10714 0.0101242
10715 0.010067
10716 0.0100099
10717 0.00995272
10718 0.00989557
10719 0.00983841
10720 0.00978124
10721 0.0097296
10722 0.00967795
10723 0.0096263
10724 0.00957465
10725 0.00952299
10726 0.00947326
10727 0.0094235
10728 0.00937372
10729 0.00932391
10730 0.00927409
10731 0.00922512
10732 0.00917612
10733 0.00912709
10734 0.00907802
10735 0.00902892
10736 0.00897798
10737 0.00892702
10738 0.00887606
10739 0.00882508
10740 0.00877409
10741 0.00872233
10742 0.00867062
10743 0.00861898
10744 0.00856739
10745 0.00851587
10746 0.00847127
10747 0.00842666
10748 0.00838204
10749 0.00833739
10750 0.00829274
10751 0.0082516
10752 0.0082104
10753 0.00816915
10754 0.00812785
10755 0.00808649
10756 0.00804182
10757 0.00799714
10758 0.00795244
10759 0.00790772
10760 0.00786299
10761 0.00781828
10762 0.00777355
10763 0.0077288
10764 0.00768404
10765 0.00763925
10766 0.00758986
10767 0.00754049
10768 0.00749117
10769 0.00744187
10770 0.00739262
10771 0.00734719
10772 0.00730182
10773 0.0072565
10774 0.00721124
10775 0.00716604
10776 0.00712812
10777 0.00709018
10778 0.0070522
10779 0.00701421
10780 0.00697618
10781 0.00693445
10782 0.00689267
10783 0.00685082
10784 0.00680892
10785 0.00676696
10786 0.00672223
10787 0.00667749
10788 0.00663273
10789 0.00658795
10790 0.00654314
10791 0.00650366
10792 0.00646417
10793 0.00642465
10794 0.00638511
10795 0.00634554
10796 0.00630086
10797 0.00625622
10798 0.00621162
10799 0.00616706
10800 0.00612254
10801 0.00607822
10802 0.00603393
10803 0.00598969
10804 0.00594549
10805 0.00590133
10806 0.00586198
10807 0.00582261
10808 0.00578321
10809 0.0057438
10810 0.00570437
10811 0.00566931
10812 0.00563425
10813 0.00559919
10814 0.00556414
10815 0.0055291
10816 0.00549741
10817 0.00546568
10818 0.00543391
10819 0.0054021
10820 0.00537025
10821 0.00533821
10822 0.00530614
10823 0.00527404
10824 0.0052419
10825 0.00520973
10826 0.00517125
10827 0.00513282
10828 0.00509445
10829 0.00505612
10830 0.00501785
10831 0.00497319
10832 0.00492859
10833 0.00488408
10834 0.00483963
10835 0.00479525
10836 0.00475772
10837 0.00472013
10838 0.0046825
10839 0.00464482
10840 0.00460709
10841 0.00458089
10842 0.00455466
10843 0.00452839
10844 0.0045021
10845 0.00447579
10846 0.00444584
10847 0.00441592
10848 0.00438602
10849 0.00435615
10850 0.0043263
10851 0.00428768
10852 0.00424913
10853 0.00421065
10854 0.00417225
10855 0.00413393
10856 0.00409067
10857 0.00404757
10858 0.00400462
10859 0.00396183
10860 0.00391918
10861 0.00388924
10862 0.00385931
10863 0.00382941
10864 0.00379953
10865 0.00376967
10866 0.00374909
10867 0.0037284
10868 0.00370758
10869 0.00368665
10870 0.0036656
10871 0.00364386
10872 0.003622
10873 0.00360004
10874 0.00357797
10875 0.00355579
10876 0.00352922
10877 0.00350262
10878 0.00347597
10879 0.00344929
10880 0.00342256
10881 0.0033917
10882 0.00336086
10883 0.00333005
10884 0.00329928
10885 0.00326854
10886 0.00323586
10887 0.00320325
10888 0.0031707
10889 0.00313823
10890 0.00310581
10891 0.00307523
10892 0.00304469
10893 0.00301417
10894 0.00298369
10895 0.00295325
10896 0.00292343
10897 0.00289364
10898 0.00286387
10899 0.00283413
10900 0.0028044
10901 0.00277962
10902 0.00275487
10903 0.00273015
10904 0.00270546
10905 0.0026808
10906 0.00266218
10907 0.00264348
10908 0.00262471
10909 0.00260587
10910 0.00258696
10911 0.00256664
10912 0.00254627
10913 0.00252586
10914 0.0025054
10915 0.00248489
10916 0.00245585
10917 0.00242692
10918 0.0023981
10919 0.0023694
10920 0.0023408
10921 0.00231265
10922 0.00228461
10923 0.00225667
10924 0.00222883
10925 0.0022011
10926 0.00218071
10927 0.00216027
10928 0.00213979
10929 0.00211926
10930 0.00209868
10931 0.00208052
10932 0.00206226
10933 0.0020439
10934 0.00202544
10935 0.00200689
10936 0.00198418
10937 0.00196147
10938 0.00193875
10939 0.00191603
10940 0.0018933
10941 0.00187261
10942 0.00185199
10943 0.00183142
10944 0.00181093
10945 0.00179049
10946 0.00177341
10947 0.00175633
10948 0.00173926
10949 0.00172218
10950 0.0017051
10951 0.00168783
10952 0.00167056
10953 0.0016533
10954 0.00163604
10955 0.00161879
10956 0.00160022
10957 0.00158168
10958 0.00156317
10959 0.00154469
10960 0.00152625
10961 0.00151182
10962 0.00149734
10963 0.0014828
10964 0.0014682
10965 0.00145354
10966 0.00143853
10967 0.00142348
10968 0.00140837
10969 0.00139321
10970 0.001378
10971 0.0013581
10972 0.00133826
10973 0.00131849
10974 0.00129879
10975 0.00127915
10976 0.00126037
10977 0.00124163
10978 0.00122294
10979 0.0012043
10980 0.00118571
10981 0.00117392
10982 0.00116213
10983 0.00115036
10984 0.0011386
10985 0.00122128
10986 0.00126849
10987 0.00128314
10988 0.00126762
10989 0.00122534
