5370 4.41911e-13
5371 0.000820127
5372 0.00164039
5373 0.00246078
5374 0.0032813
5375 0.00410196
5376 0.00492386
5377 0.00576787
5378 0.0066124
5379 0.00743583
5380 0.00825976
5381 0.00908141
5382 0.00990306
5383 0.0107247
5384 0.0115464
5385 0.012368
5386 0.0131897
5387 0.0140114
5388 0.014833
5389 0.0156763
5390 0.0165197
5391 0.0173421
5392 0.0181645
5393 0.018987
5394 0.0198095
5395 0.0206321
5396 0.0214547
5397 0.0222773
5398 0.0230999
5399 0.0239225
5400 0.0247452
5401 0.0255883
5402 0.0264314
5403 0.0272527
5404 0.028074
5405 0.0288951
5406 0.0297094
5407 0.0305231
5408 0.0313364
5409 0.0321492
5410 0.0329615
5411 0.0337825
5412 0.0346034
5413 0.035446
5414 0.0362885
5415 0.0371095
5416 0.0379306
5417 0.0387516
5418 0.0395727
5419 0.0403939
5420 0.041215
5421 0.0428565
5422 0.044498
5423 0.0461611
5424 0.0478242
5425 0.0494658
5426 0.0511188
5427 0.0527726
5428 0.054427
5429 0.0561038
5430 0.0577813
5431 0.059425
5432 0.0610686
5433 0.0627123
5434 0.064356
5435 0.0660214
5436 0.0676867
5437 0.0693305
5438 0.0709742
5439 0.0726181
5440 0.0742621
5441 0.0759297
5442 0.0775975
5443 0.079244
5444 0.0808909
5445 0.082538
5446 0.0841856
5447 0.0858335
5448 0.0874817
5449 0.0891519
5450 0.0908225
5451 0.0924651
5452 0.0941077
5453 0.0957504
5454 0.0973932
5455 0.0990577
5456 0.100722
5457 0.102365
5458 0.104008
5459 0.105651
5460 0.107294
5461 0.108969
5462 0.110644
5463 0.112297
5464 0.113951
5465 0.115605
5466 0.117259
5467 0.118935
5468 0.120612
5469 0.122267
5470 0.123922
5471 0.125607
5472 0.127292
5473 0.129
5474 0.13071
5475 0.132398
5476 0.134058
5477 0.135717
5478 0.137377
5479 0.139059
5480 0.140741
5481 0.142393
5482 0.144046
5483 0.145698
5484 0.14735
5485 0.149024
5486 0.150699
5487 0.152351
5488 0.154004
5489 0.155657
5490 0.157309
5491 0.158984
5492 0.160659
5493 0.162312
5494 0.163966
5495 0.165619
5496 0.16731
5497 0.169002
5498 0.170695
5499 0.172411
5500 0.174127
5501 0.175788
5502 0.177449
5503 0.179111
5504 0.180773
5505 0.182456
5506 0.18414
5507 0.185802
5508 0.187464
5509 0.189127
5510 0.19079
5511 0.192474
5512 0.194158
5513 0.195821
5514 0.197484
5515 0.199148
5516 0.200811
5517 0.202497
5518 0.204182
5519 0.205846
5520 0.20751
5521 0.209173
5522 0.210835
5523 0.212519
5524 0.214204
5525 0.215866
5526 0.217529
5527 0.219192
5528 0.220856
5529 0.222541
5530 0.224226
5531 0.225893
5532 0.227561
5533 0.229229
5534 0.230897
5535 0.232587
5536 0.234278
5537 0.235946
5538 0.237615
5539 0.239284
5540 0.240954
5541 0.242646
5542 0.244339
5543 0.246009
5544 0.247681
5545 0.249352
5546 0.25108
5547 0.252809
5548 0.254539
5549 0.256292
5550 0.258046
5551 0.259713
5552 0.26138
5553 0.263047
5554 0.264714
5555 0.266403
5556 0.268093
5557 0.26976
5558 0.271428
5559 0.273096
5560 0.274764
5561 0.276408
5562 0.278051
5563 0.279672
5564 0.281292
5565 0.282912
5566 0.284596
5567 0.286302
5568 0.288008
5569 0.289693
5570 0.291378
5571 0.293067
5572 0.294756
5573 0.296468
5574 0.298179
5575 0.29987
5576 0.301561
5577 0.303252
5578 0.304943
5579 0.306657
5580 0.308371
5581 0.310034
5582 0.311696
5583 0.313358
5584 0.315021
5585 0.316705
5586 0.31839
5587 0.320052
5588 0.321715
5589 0.323377
5590 0.32504
5591 0.326739
5592 0.328438
5593 0.330115
5594 0.331792
5595 0.33347
5596 0.335072
5597 0.336674
5598 0.338275
5599 0.339897
5600 0.341519
5601 0.343217
5602 0.344917
5603 0.346616
5604 0.348316
5605 0.350038
5606 0.351761
5607 0.353462
5608 0.355163
5609 0.356865
5610 0.358567
5611 0.360263
5612 0.361959
5613 0.363633
5614 0.365307
5615 0.366982
5616 0.368573
5617 0.370185
5618 0.371797
5619 0.373386
5620 0.374975
5621 0.376646
5622 0.378318
5623 0.380011
5624 0.381704
5625 0.383376
5626 0.385047
5627 0.386522
5628 0.387998
5629 0.38884
5630 0.389682
5631 0.390552
5632 0.391423
5633 0.392294
5634 0.393166
5635 0.394037
5636 0.394909
5637 0.395802
5638 0.396696
5639 0.397568
5640 0.398441
5641 0.399212
5642 0.399982
5643 0.400753
5644 0.401523
5645 0.402293
5646 0.403154
5647 0.404015
5648 0.404876
5649 0.405737
5650 0.406599
5651 0.407482
5652 0.408366
5653 0.409228
5654 0.41009
5655 0.410952
5656 0.411814
5657 0.412677
5658 0.413539
5659 0.414402
5660 0.415265
5661 0.416143
5662 0.417022
5663 0.417288
5664 0.417555
5665 0.417602
5666 0.41765
5667 0.417697
5668 0.417745
5669 0.417792
5670 0.41784
5671 0.41785
5672 0.41786
5673 0.417869
5674 0.417879
5675 0.417889
5676 0.417899
5677 0.417909
5678 0.417919
5679 0.417929
5680 0.417939
5681 0.417881
5682 0.417824
5683 0.417767
5684 0.41771
5685 0.417653
5686 0.417596
5687 0.417539
5688 0.417482
5689 0.417425
5690 0.417368
5691 0.417398
5692 0.417428
5693 0.417458
5694 0.417489
5695 0.417519
5696 0.417549
5697 0.417579
5698 0.417609
5699 0.41764
5700 0.41767
5701 0.417802
5702 0.417934
5703 0.418066
5704 0.418198
5705 0.41833
5706 0.418368
5707 0.418405
5708 0.418443
5709 0.41848
5710 0.418517
5711 0.418566
5712 0.418615
5713 0.418664
5714 0.418713
5715 0.418762
5716 0.41881
5717 0.418859
5718 0.418908
5719 0.418957
5720 0.419006
5721 0.419024
5722 0.419043
5723 0.419061
5724 0.419079
5725 0.419098
5726 0.419116
5727 0.419135
5728 0.419153
5729 0.419172
5730 0.41919
5731 0.419316
5732 0.419443
5733 0.419569
5734 0.419695
5735 0.419822
5736 0.419853
5737 0.419885
5738 0.419916
5739 0.419948
5740 0.419979
5741 0.420011
5742 0.420042
5743 0.420074
5744 0.420106
5745 0.420138
5746 0.420169
5747 0.420201
5748 0.420233
5749 0.420264
5750 0.420296
5751 0.420424
5752 0.420552
5753 0.42068
5754 0.420808
5755 0.420936
5756 0.420968
5757 0.421001
5758 0.421034
5759 0.421067
5760 0.421099
5761 0.421226
5762 0.421353
5763 0.42148
5764 0.421607
5765 0.421734
5766 0.421765
5767 0.421797
5768 0.421829
5769 0.42186
5770 0.421892
5771 0.422005
5772 0.422118
5773 0.422232
5774 0.422345
5775 0.422458
5776 0.422476
5777 0.422494
5778 0.422512
5779 0.42253
5780 0.422548
5781 0.422684
5782 0.42282
5783 0.422956
5784 0.423093
5785 0.423229
5786 0.423269
5787 0.42331
5788 0.423351
5789 0.423392
5790 0.423433
5791 0.423559
5792 0.423686
5793 0.423812
5794 0.423939
5795 0.424065
5796 0.424097
5797 0.424128
5798 0.424159
5799 0.42419
5800 0.424221
5801 0.424238
5802 0.424255
5803 0.424273
5804 0.42429
5805 0.424307
5806 0.424419
5807 0.424532
5808 0.424644
5809 0.424757
5810 0.42487
5811 0.42489
5812 0.42491
5813 0.42493
5814 0.42495
5815 0.42497
5816 0.425086
5817 0.425202
5818 0.425318
5819 0.425433
5820 0.425549
5821 0.425565
5822 0.425581
5823 0.425597
5824 0.425613
5825 0.425629
5826 0.42574
5827 0.425852
5828 0.425964
5829 0.426075
5830 0.426187
5831 0.426216
5832 0.426245
5833 0.426274
5834 0.426303
5835 0.426332
5836 0.426361
5837 0.426389
5838 0.426418
5839 0.426446
5840 0.426475
5841 0.426522
5842 0.426569
5843 0.426617
5844 0.426665
5845 0.426714
5846 0.426858
5847 0.427003
5848 0.427148
5849 0.427294
5850 0.427441
5851 0.427468
5852 0.427495
5853 0.427523
5854 0.427553
5855 0.427583
5856 0.427614
5857 0.427647
5858 0.427681
5859 0.427715
5860 0.427751
5861 0.427775
5862 0.4278
5863 0.427826
5864 0.427851
5865 0.427877
5866 0.427902
5867 0.427928
5868 0.427953
5869 0.427979
5870 0.428005
5871 0.427959
5872 0.427914
5873 0.427868
5874 0.427823
5875 0.427777
5876 0.427634
5877 0.427492
5878 0.42735
5879 0.427209
5880 0.427067
5881 0.426824
5882 0.42658
5883 0.426337
5884 0.426094
5885 0.425852
5886 0.425706
5887 0.425561
5888 0.425416
5889 0.425271
5890 0.425125
5891 0.425164
5892 0.425201
5893 0.425237
5894 0.425271
5895 0.425304
5896 0.425239
5897 0.425172
5898 0.425103
5899 0.425032
5900 0.424959
5901 0.425174
5902 0.425387
5903 0.425599
5904 0.425808
5905 0.426016
5906 0.426221
5907 0.426426
5908 0.426628
5909 0.426829
5910 0.427029
5911 0.426939
5912 0.426849
5913 0.426758
5914 0.426667
5915 0.426578
5916 0.426393
5917 0.426208
5918 0.426023
5919 0.425839
5920 0.425655
5921 0.425675
5922 0.425696
5923 0.425716
5924 0.425737
5925 0.425758
5926 0.426068
5927 0.426377
5928 0.426686
5929 0.426995
5930 0.427304
5931 0.427426
5932 0.427549
5933 0.427671
5934 0.427794
5935 0.427917
5936 0.42775
5937 0.427583
5938 0.427417
5939 0.42725
5940 0.427085
5941 0.426709
5942 0.426335
5943 0.425961
5944 0.42559
5945 0.425219
5946 0.425428
5947 0.425639
5948 0.425851
5949 0.426064
5950 0.426279
5951 0.4266
5952 0.426923
5953 0.427248
5954 0.427574
5955 0.427901
5956 0.428038
5957 0.428175
5958 0.428315
5959 0.428455
5960 0.428597
5961 0.428646
5962 0.428696
5963 0.428746
5964 0.428796
5965 0.428847
5966 0.4288
5967 0.428753
5968 0.428706
5969 0.42866
5970 0.428613
5971 0.428671
5972 0.428728
5973 0.428786
5974 0.428843
5975 0.4289
5976 0.429054
5977 0.429208
5978 0.429362
5979 0.429516
5980 0.42967
5981 0.429705
5982 0.429741
5983 0.429777
5984 0.429813
5985 0.429849
5986 0.429886
5987 0.429924
5988 0.429962
5989 0.43
5990 0.430038
5991 0.430188
5992 0.430337
5993 0.430485
5994 0.430631
5995 0.430775
5996 0.430821
5997 0.430865
5998 0.430907
5999 0.430947
6000 0.430985
6001 0.431112
6002 0.431237
6003 0.43136
6004 0.431481
6005 0.4316
6006 0.431621
6007 0.431639
6008 0.431656
6009 0.431672
6010 0.431687
6011 0.431716
6012 0.431745
6013 0.431774
6014 0.431803
6015 0.431833
6016 0.431864
6017 0.431895
6018 0.431926
6019 0.431958
6020 0.431989
6021 0.432094
6022 0.432199
6023 0.432304
6024 0.43241
6025 0.432515
6026 0.432523
6027 0.432531
6028 0.432539
6029 0.432547
6030 0.432555
6031 0.432579
6032 0.432604
6033 0.432629
6034 0.432654
6035 0.432679
6036 0.432801
6037 0.432922
6038 0.433044
6039 0.433167
6040 0.43329
6041 0.433291
6042 0.433292
6043 0.433294
6044 0.433298
6045 0.433302
6046 0.433405
6047 0.433509
6048 0.433614
6049 0.433719
6050 0.433826
6051 0.433861
6052 0.433896
6053 0.433932
6054 0.433968
6055 0.434005
6056 0.434139
6057 0.434274
6058 0.434409
6059 0.434544
6060 0.43468
6061 0.434724
6062 0.434768
6063 0.434812
6064 0.434855
6065 0.434899
6066 0.43504
6067 0.43518
6068 0.43532
6069 0.435461
6070 0.435602
6071 0.435631
6072 0.43566
6073 0.435689
6074 0.435718
6075 0.435747
6076 0.435873
6077 0.435999
6078 0.436125
6079 0.436252
6080 0.436378
6081 0.436402
6082 0.436427
6083 0.436451
6084 0.436476
6085 0.4365
6086 0.436622
6087 0.436744
6088 0.436866
6089 0.436987
6090 0.437109
6091 0.43715
6092 0.437191
6093 0.437233
6094 0.437274
6095 0.437315
6096 0.437454
6097 0.437592
6098 0.437731
6099 0.437869
6100 0.438008
6101 0.43815
6102 0.438292
6103 0.438434
6104 0.438575
6105 0.438717
6106 0.438762
6107 0.438806
6108 0.438851
6109 0.438895
6110 0.43894
6111 0.439057
6112 0.439174
6113 0.439291
6114 0.439408
6115 0.439525
6116 0.439544
6117 0.439563
6118 0.439583
6119 0.439602
6120 0.439622
6121 0.439762
6122 0.439903
6123 0.440043
6124 0.440184
6125 0.440324
6126 0.440367
6127 0.44041
6128 0.440453
6129 0.440496
6130 0.440539
6131 0.440669
6132 0.440798
6133 0.440928
6134 0.441057
6135 0.441187
6136 0.441316
6137 0.441446
6138 0.441575
6139 0.441705
6140 0.441835
6141 0.441855
6142 0.441875
6143 0.441895
6144 0.441915
6145 0.441935
6146 0.442053
6147 0.442171
6148 0.442289
6149 0.442407
6150 0.442524
6151 0.442561
6152 0.442597
6153 0.442633
6154 0.442669
6155 0.442705
6156 0.442839
6157 0.442973
6158 0.443107
6159 0.443241
6160 0.443375
6161 0.443426
6162 0.443478
6163 0.443529
6164 0.443581
6165 0.443632
6166 0.443782
6167 0.443931
6168 0.444081
6169 0.44423
6170 0.44438
6171 0.444411
6172 0.444443
6173 0.444475
6174 0.444506
6175 0.444538
6176 0.444668
6177 0.444797
6178 0.444927
6179 0.445056
6180 0.445186
6181 0.445213
6182 0.445239
6183 0.445266
6184 0.445293
6185 0.445319
6186 0.445346
6187 0.445372
6188 0.445399
6189 0.445425
6190 0.445452
6191 0.445583
6192 0.445715
6193 0.445846
6194 0.445977
6195 0.446108
6196 0.446141
6197 0.446175
6198 0.446208
6199 0.446241
6200 0.446274
6201 0.446393
6202 0.446512
6203 0.44663
6204 0.446749
6205 0.446868
6206 0.446889
6207 0.446909
6208 0.44693
6209 0.446951
6210 0.446971
6211 0.447017
6212 0.447062
6213 0.447108
6214 0.447153
6215 0.447199
6216 0.447343
6217 0.447486
6218 0.44763
6219 0.447774
6220 0.447918
6221 0.447953
6222 0.447987
6223 0.448021
6224 0.448056
6225 0.44809
6226 0.448223
6227 0.448356
6228 0.448489
6229 0.448622
6230 0.448755
6231 0.448782
6232 0.448809
6233 0.448836
6234 0.448864
6235 0.448891
6236 0.448918
6237 0.448944
6238 0.448971
6239 0.448997
6240 0.449024
6241 0.44915
6242 0.449275
6243 0.449402
6244 0.449528
6245 0.449656
6246 0.449685
6247 0.449714
6248 0.449744
6249 0.449774
6250 0.449805
6251 0.449848
6252 0.449891
6253 0.449935
6254 0.449981
6255 0.450027
6256 0.450174
6257 0.450321
6258 0.45047
6259 0.45062
6260 0.450771
6261 0.450816
6262 0.450861
6263 0.450908
6264 0.450954
6265 0.451001
6266 0.450948
6267 0.450896
6268 0.450843
6269 0.450791
6270 0.450739
6271 0.449884
6272 0.449028
6273 0.448173
6274 0.447317
6275 0.44646
6276 0.44511
6277 0.443759
6278 0.442409
6279 0.441058
6280 0.439707
6281 0.440252
6282 0.440797
6283 0.441342
6284 0.441887
6285 0.442433
6286 0.443276
6287 0.444121
6288 0.444966
6289 0.445811
6290 0.446655
6291 0.44671
6292 0.446763
6293 0.446814
6294 0.446864
6295 0.446912
6296 0.447057
6297 0.447201
6298 0.447342
6299 0.447482
6300 0.447619
6301 0.44804
6302 0.448459
6303 0.448875
6304 0.44929
6305 0.449703
6306 0.450015
6307 0.450325
6308 0.450634
6309 0.450941
6310 0.451247
6311 0.451459
6312 0.45167
6313 0.451882
6314 0.452093
6315 0.452305
6316 0.452519
6317 0.452732
6318 0.452946
6319 0.45316
6320 0.453374
6321 0.453587
6322 0.4538
6323 0.454013
6324 0.454226
6325 0.454439
6326 0.454553
6327 0.454667
6328 0.45478
6329 0.454893
6330 0.455007
6331 0.455121
6332 0.455236
6333 0.45535
6334 0.455465
6335 0.45558
6336 0.455695
6337 0.455809
6338 0.455924
6339 0.45604
6340 0.456156
6341 0.456174
6342 0.456193
6343 0.456214
6344 0.456235
6345 0.456258
6346 0.456381
6347 0.456505
6348 0.456631
6349 0.456757
6350 0.456885
6351 0.456916
6352 0.456949
6353 0.456982
6354 0.457015
6355 0.457049
6356 0.457183
6357 0.457317
6358 0.457451
6359 0.457586
6360 0.457721
6361 0.457746
6362 0.457771
6363 0.457796
6364 0.457821
6365 0.457846
6366 0.457969
6367 0.458093
6368 0.458216
6369 0.45834
6370 0.458464
6371 0.458497
6372 0.458531
6373 0.458565
6374 0.458598
6375 0.458632
6376 0.458765
6377 0.458898
6378 0.459031
6379 0.459164
6380 0.459297
6381 0.459321
6382 0.459344
6383 0.459368
6384 0.459392
6385 0.459415
6386 0.459539
6387 0.459662
6388 0.459785
6389 0.459908
6390 0.460031
6391 0.460057
6392 0.460082
6393 0.460108
6394 0.460133
6395 0.460159
6396 0.460184
6397 0.46021
6398 0.460235
6399 0.460261
6400 0.460286
6401 0.460414
6402 0.460541
6403 0.460668
6404 0.460795
6405 0.460922
6406 0.46095
6407 0.460978
6408 0.461005
6409 0.461033
6410 0.461061
6411 0.461195
6412 0.461329
6413 0.461463
6414 0.461598
6415 0.461732
6416 0.461767
6417 0.461802
6418 0.461836
6419 0.461871
6420 0.461906
6421 0.461936
6422 0.461967
6423 0.461997
6424 0.462028
6425 0.462059
6426 0.462189
6427 0.462319
6428 0.462449
6429 0.46258
6430 0.46271
6431 0.462736
6432 0.462762
6433 0.462788
6434 0.462814
6435 0.46284
6436 0.462866
6437 0.462892
6438 0.462918
6439 0.462944
6440 0.46297
6441 0.463104
6442 0.463239
6443 0.463374
6444 0.463509
6445 0.463644
6446 0.463679
6447 0.463714
6448 0.46375
6449 0.463785
6450 0.46382
6451 0.463847
6452 0.463874
6453 0.463901
6454 0.463928
6455 0.463955
6456 0.463883
6457 0.46381
6458 0.463737
6459 0.463664
6460 0.463591
6461 0.46351
6462 0.463428
6463 0.463346
6464 0.463264
6465 0.463182
6466 0.463
6467 0.462818
6468 0.462636
6469 0.462455
6470 0.462273
6471 0.462209
6472 0.462146
6473 0.462083
6474 0.46202
6475 0.461957
6476 0.461893
6477 0.46183
6478 0.461767
6479 0.461704
6480 0.46164
6481 0.461867
6482 0.462094
6483 0.462321
6484 0.462548
6485 0.462775
6486 0.462903
6487 0.46303
6488 0.463159
6489 0.463287
6490 0.463415
6491 0.463442
6492 0.463468
6493 0.463494
6494 0.46352
6495 0.463544
6496 0.463868
6497 0.464192
6498 0.464514
6499 0.464835
6500 0.465156
6501 0.465325
6502 0.465494
6503 0.465662
6504 0.465828
6505 0.465994
6506 0.465859
6507 0.465723
6508 0.465586
6509 0.465449
6510 0.465311
6511 0.465003
6512 0.464695
6513 0.464386
6514 0.464077
6515 0.463769
6516 0.463661
6517 0.463552
6518 0.463443
6519 0.463334
6520 0.463225
6521 0.463588
6522 0.463951
6523 0.464314
6524 0.464676
6525 0.465038
6526 0.465199
6527 0.46536
6528 0.465521
6529 0.465681
6530 0.465842
6531 0.465792
6532 0.465743
6533 0.465694
6534 0.465646
6535 0.465597
6536 0.465649
6537 0.4657
6538 0.465752
6539 0.465804
6540 0.465856
6541 0.465737
6542 0.465618
6543 0.465501
6544 0.465384
6545 0.465269
6546 0.465255
6547 0.465241
6548 0.465229
6549 0.465218
6550 0.465209
6551 0.465198
6552 0.465188
6553 0.46518
6554 0.465172
6555 0.465166
6556 0.465259
6557 0.465354
6558 0.465449
6559 0.465544
6560 0.46564
6561 0.465717
6562 0.465793
6563 0.465869
6564 0.465946
6565 0.466022
6566 0.466097
6567 0.466172
6568 0.466247
6569 0.466323
6570 0.466398
6571 0.466385
6572 0.466371
6573 0.466358
6574 0.466345
6575 0.466331
6576 0.466418
6577 0.466504
6578 0.46659
6579 0.466677
6580 0.466763
6581 0.466899
6582 0.467034
6583 0.46717
6584 0.467306
6585 0.467442
6586 0.467578
6587 0.467714
6588 0.46785
6589 0.467986
6590 0.468122
6591 0.468164
6592 0.468206
6593 0.468248
6594 0.468289
6595 0.468331
6596 0.468473
6597 0.468615
6598 0.468757
6599 0.468899
6600 0.469041
6601 0.469005
6602 0.46897
6603 0.468935
6604 0.4689
6605 0.468864
6606 0.468929
6607 0.468993
6608 0.469058
6609 0.469123
6610 0.469187
6611 0.469174
6612 0.469161
6613 0.469148
6614 0.469135
6615 0.469122
6616 0.469209
6617 0.469295
6618 0.469382
6619 0.469469
6620 0.469555
6621 0.469538
6622 0.469521
6623 0.469504
6624 0.469487
6625 0.46947
6626 0.469453
6627 0.469436
6628 0.469419
6629 0.469402
6630 0.469385
6631 0.469458
6632 0.469531
6633 0.469604
6634 0.469677
6635 0.46975
6636 0.469723
6637 0.469698
6638 0.469672
6639 0.469646
6640 0.46962
6641 0.469621
6642 0.469622
6643 0.469622
6644 0.469621
6645 0.46962
6646 0.469717
6647 0.469813
6648 0.469909
6649 0.470003
6650 0.470097
6651 0.470058
6652 0.470018
6653 0.469977
6654 0.469935
6655 0.469892
6656 0.469848
6657 0.469804
6658 0.469759
6659 0.469713
6660 0.469667
6661 0.469737
6662 0.469806
6663 0.469876
6664 0.469946
6665 0.470016
6666 0.469987
6667 0.469959
6668 0.469931
6669 0.469903
6670 0.469875
6671 0.469841
6672 0.469806
6673 0.469771
6674 0.469736
6675 0.4697
6676 0.469763
6677 0.469825
6678 0.469886
6679 0.469946
6680 0.470006
6681 0.470021
6682 0.470036
6683 0.470051
6684 0.470066
6685 0.47008
6686 0.470094
6687 0.470107
6688 0.470121
6689 0.470135
6690 0.470149
6691 0.470263
6692 0.470378
6693 0.470494
6694 0.470612
6695 0.470732
6696 0.470753
6697 0.470776
6698 0.470801
6699 0.470827
6700 0.470854
6701 0.47081
6702 0.470767
6703 0.470725
6704 0.470684
6705 0.470644
6706 0.470703
6707 0.470764
6708 0.470825
6709 0.470886
6710 0.470948
6711 0.47095
6712 0.470952
6713 0.470953
6714 0.470955
6715 0.470956
6716 0.470956
6717 0.470957
6718 0.470957
6719 0.470958
6720 0.470958
6721 0.47101
6722 0.471062
6723 0.471114
6724 0.471166
6725 0.471218
6726 0.471171
6727 0.471123
6728 0.471076
6729 0.471028
6730 0.470981
6731 0.470958
6732 0.470936
6733 0.470913
6734 0.470891
6735 0.470868
6736 0.470845
6737 0.470823
6738 0.4708
6739 0.470777
6740 0.470755
6741 0.470856
6742 0.470958
6743 0.47106
6744 0.471162
6745 0.471263
6746 0.471266
6747 0.471268
6748 0.471271
6749 0.471273
6750 0.471275
6751 0.471236
6752 0.471197
6753 0.471158
6754 0.471119
6755 0.47108
6756 0.471041
6757 0.471002
6758 0.470963
6759 0.470924
6760 0.470885
6761 0.470981
6762 0.471076
6763 0.471171
6764 0.471266
6765 0.471361
6766 0.471357
6767 0.471106
6768 0.470855
6769 0.469912
6770 0.468969
6771 0.468036
6772 0.467103
6773 0.46617
6774 0.465237
6775 0.464303
6776 0.463468
6777 0.462632
6778 0.461795
6779 0.460958
6780 0.460121
6781 0.45916
6782 0.4582
6783 0.457264
6784 0.456328
6785 0.455392
6786 0.454456
6787 0.45352
6788 0.452584
6789 0.451648
6790 0.450712
6791 0.449771
6792 0.44883
6793 0.447865
6794 0.4469
6795 0.445959
6796 0.445018
6797 0.444078
6798 0.443137
6799 0.442196
6800 0.441256
6801 0.440381
6802 0.439505
6803 0.437912
6804 0.436318
6805 0.4345
6806 0.432592
6807 0.430659
6808 0.428726
6809 0.426818
6810 0.42491
6811 0.423016
6812 0.421122
6813 0.419204
6814 0.417285
6815 0.415392
6816 0.413498
6817 0.411605
6818 0.409712
6819 0.407794
6820 0.405876
6821 0.403968
6822 0.402059
6823 0.400151
6824 0.398244
6825 0.396311
6826 0.394462
6827 0.392637
6828 0.390812
6829 0.388986
6830 0.387159
6831 0.385227
6832 0.383296
6833 0.381389
6834 0.379483
6835 0.377577
6836 0.375672
6837 0.373767
6838 0.371863
6839 0.369934
6840 0.368005
6841 0.366103
6842 0.3642
6843 0.362297
6844 0.360394
6845 0.358466
6846 0.356537
6847 0.354633
6848 0.352728
6849 0.350823
6850 0.348917
6851 0.346989
6852 0.345059
6853 0.343155
6854 0.341249
6855 0.339344
6856 0.337083
6857 0.334803
6858 0.332526
6859 0.330277
6860 0.328033
6861 0.322989
6862 0.317981
6863 0.312986
6864 0.308028
6865 0.303131
6866 0.293728
6867 0.284415
6868 0.275193
6869 0.266039
6870 0.256978
6871 0.251915
6872 0.246895
6873 0.241918
6874 0.236984
6875 0.232074
6876 0.234496
6877 0.236887
6878 0.23923
6879 0.241523
6880 0.243767
6881 0.245279
6882 0.24675
6883 0.248202
6884 0.249613
6885 0.250984
6886 0.248488
6887 0.246002
6888 0.243527
6889 0.241042
6890 0.238568
6891 0.236914
6892 0.23526
6893 0.233607
6894 0.231955
6895 0.230282
6896 0.229652
6897 0.22903
6898 0.228394
6899 0.227743
6900 0.227078
6901 0.226206
6902 0.225322
6903 0.224448
6904 0.223563
6905 0.222665
6906 0.221857
6907 0.221014
6908 0.220156
6909 0.219308
6910 0.218445
6911 0.217338
6912 0.216221
6913 0.215071
6914 0.21391
6915 0.212762
6916 0.211556
6917 0.210341
6918 0.209117
6919 0.207859
6920 0.206592
6921 0.205269
6922 0.203938
6923 0.202598
6924 0.20125
6925 0.199869
6926 0.198395
6927 0.196938
6928 0.195474
6929 0.194003
6930 0.192526
6931 0.190804
6932 0.18908
6933 0.187377
6934 0.185672
6935 0.183965
6936 0.182138
6937 0.180311
6938 0.178484
6939 0.176633
6940 0.174781
6941 0.172976
6942 0.17117
6943 0.169363
6944 0.167556
6945 0.165724
6946 0.163996
6947 0.16229
6948 0.160581
6949 0.158869
6950 0.157154
6951 0.155352
6952 0.153549
6953 0.151769
6954 0.149987
6955 0.148203
6956 0.146356
6957 0.144485
6958 0.142613
6959 0.140766
6960 0.138919
6961 0.13724
6962 0.135556
6963 0.133843
6964 0.132126
6965 0.130428
6966 0.128754
6967 0.127074
6968 0.125389
6969 0.123674
6970 0.121953
6971 0.120108
6972 0.118262
6973 0.116415
6974 0.114568
6975 0.112695
6976 0.110775
6977 0.108881
6978 0.106987
6979 0.105094
6980 0.103202
6981 0.101238
6982 0.0992759
6983 0.0973413
6984 0.0954093
6985 0.09348
6986 0.0915149
6987 0.0895539
6988 0.0875972
6989 0.0856202
6990 0.0836476
6991 0.0817935
6992 0.0799396
6993 0.0780858
6994 0.0762322
6995 0.0743543
6996 0.0725071
6997 0.0706829
6998 0.0688573
6999 0.0670302
7000 0.0652016
7001 0.0633225
7002 0.0614433
7003 0.0595886
7004 0.0577339
7005 0.0558792
7006 0.0540245
7007 0.0521454
7008 0.0502663
7009 0.0484117
7010 0.046557
7011 0.0456284
7012 0.0446997
7013 0.0437712
7014 0.0428427
7015 0.0419142
7016 0.0409945
7017 0.04005
7018 0.0391052
7019 0.0381845
7020 0.0372634
7021 0.0363351
7022 0.0354069
7023 0.0344786
7024 0.0335504
7025 0.0326222
7026 0.0317074
7027 0.0307918
7028 0.0298755
7029 0.0289339
7030 0.0279915
7031 0.0270851
7032 0.026177
7033 0.0252674
7034 0.0243561
7035 0.0234432
7036 0.0225099
7037 0.0215766
7038 0.0206432
7039 0.0197097
7040 0.0187762
7041 0.0178171
7042 0.016858
7043 0.0159236
7044 0.0149892
7045 0.0140549
7046 0.0131207
7047 0.0121865
7048 0.0112525
7049 0.0103185
7050 0.00938453
7051 0.00845071
7052 0.00751696
7053 0.0065587
7054 0.0056005
7055 0.00466693
7056 0.00373421
7057 0.00280115
7058 0.00186776
7059 0.000934047
