3200 1.42955e-14
3201 0.00032925
3202 0.000689039
3203 0.00108052
3204 0.00150487
3205 0.00196306
3206 0.00246043
3207 0.00299616
3208 0.00357141
3209 0.00418758
3210 0.00484612
3211 0.00503438
3212 0.00522642
3213 0.00542225
3214 0.00562193
3215 0.00582488
3216 0.00599151
3217 0.00616014
3218 0.00633014
3219 0.00650151
3220 0.00667423
3221 0.00687599
3222 0.00708027
3223 0.00728709
3224 0.00749645
3225 0.00770762
3226 0.0079881
3227 0.00827566
3228 0.00856967
3229 0.00887021
3230 0.00917736
3231 0.00953099
3232 0.00989311
3233 0.0102638
3234 0.0106433
3235 0.0110305
3236 0.011356
3237 0.0116879
3238 0.0120255
3239 0.0123686
3240 0.0127174
3241 0.0129966
3242 0.0132776
3243 0.0135605
3244 0.0138451
3245 0.0141304
3246 0.0144106
3247 0.0146933
3248 0.0149775
3249 0.015263
3250 0.01555
3251 0.0159505
3252 0.0163568
3253 0.016769
3254 0.0171871
3255 0.0176098
3256 0.0181152
3257 0.0186313
3258 0.0191567
3259 0.0196916
3260 0.0202359
3261 0.0207725
3262 0.021318
3263 0.0218725
3264 0.022436
3265 0.023007
3266 0.0234725
3267 0.0239446
3268 0.0244216
3269 0.0249036
3270 0.0253905
3271 0.0258109
3272 0.0262334
3273 0.0266581
3274 0.0270849
3275 0.0275119
3276 0.0279659
3277 0.0284249
3278 0.0288868
3279 0.0293516
3280 0.0298194
3281 0.0304657
3282 0.0311208
3283 0.031785
3284 0.0324583
3285 0.0331384
3286 0.0339019
3287 0.0346792
3288 0.0354683
3289 0.0362692
3290 0.0370822
3291 0.0377832
3292 0.0384928
3293 0.0392109
3294 0.0399376
3295 0.0406704
3296 0.0412735
3297 0.041884
3298 0.0424991
3299 0.0431191
3300 0.0437438
3301 0.0442725
3302 0.0448036
3303 0.0453372
3304 0.0458732
3305 0.0464089
3306 0.0470065
3307 0.0476111
3308 0.0482196
3309 0.048832
3310 0.0494485
3311 0.0501927
3312 0.0509443
3313 0.0516181
3314 0.0522976
3315 0.0529578
3316 0.0537352
3317 0.0545169
3318 0.0553061
3319 0.0561028
3320 0.0569071
3321 0.0575908
3322 0.05828
3323 0.0589711
3324 0.0596677
3325 0.0603731
3326 0.0609612
3327 0.0615491
3328 0.0621403
3329 0.0627348
3330 0.0633326
3331 0.0637855
3332 0.0642394
3333 0.0646908
3334 0.0651432
3335 0.0656004
3336 0.0661385
3337 0.0666749
3338 0.0672135
3339 0.0677545
3340 0.0682979
3341 0.0690058
3342 0.0697192
3343 0.0704341
3344 0.0711545
3345 0.0718846
3346 0.0726493
3347 0.0733801
3348 0.0741165
3349 0.0747479
3350 0.0753832
3351 0.0759031
3352 0.0764258
3353 0.0769514
3354 0.0774799
3355 0.0780112
3356 0.0784539
3357 0.0788984
3358 0.0793447
3359 0.0797927
3360 0.0802423
3361 0.0805783
3362 0.0809146
3363 0.0812514
3364 0.0815883
3365 0.0819253
3366 0.0822621
3367 0.0825993
3368 0.0829369
3369 0.0832749
3370 0.0836133
3371 0.0839902
3372 0.084368
3373 0.0847467
3374 0.0851264
3375 0.085507
3376 0.086055
3377 0.0866052
3378 0.0871578
3379 0.0877125
3380 0.0882696
3381 0.0887991
3382 0.0893306
3383 0.0898642
3384 0.0903998
3385 0.0909374
3386 0.0913734
3387 0.0918109
3388 0.0922497
3389 0.0926899
3390 0.0931312
3391 0.0935319
3392 0.0939335
3393 0.0943359
3394 0.094739
3395 0.095143
3396 0.0954759
3397 0.095809
3398 0.0961422
3399 0.0964757
3400 0.0968093
3401 0.0971786
3402 0.0975485
3403 0.097919
3404 0.0982901
3405 0.0986619
3406 0.0991083
3407 0.0995558
3408 0.100005
3409 0.100455
3410 0.100906
3411 0.101327
3412 0.101749
3413 0.102172
3414 0.102597
3415 0.103023
3416 0.10345
3417 0.103879
3418 0.104309
3419 0.104741
3420 0.105173
3421 0.105581
3422 0.10599
3423 0.1064
3424 0.10681
3425 0.107222
3426 0.107555
3427 0.10789
3428 0.108224
3429 0.108559
3430 0.108894
3431 0.109204
3432 0.109515
3433 0.109826
3434 0.110137
3435 0.110449
3436 0.110762
3437 0.111075
3438 0.111389
3439 0.111704
3440 0.112019
3441 0.112374
3442 0.112729
3443 0.113085
3444 0.113441
3445 0.113798
3446 0.114237
3447 0.114677
3448 0.115118
3449 0.115559
3450 0.116001
3451 0.116393
3452 0.116786
3453 0.11718
3454 0.117573
3455 0.117967
3456 0.118318
3457 0.11867
3458 0.119022
3459 0.119375
3460 0.119728
3461 0.120067
3462 0.120406
3463 0.120746
3464 0.121086
3465 0.121428
3466 0.12177
3467 0.122113
3468 0.122457
3469 0.122801
3470 0.123145
3471 0.123494
3472 0.123842
3473 0.124192
3474 0.124542
3475 0.124893
3476 0.125244
3477 0.125596
3478 0.125948
3479 0.126301
3480 0.126655
3481 0.126997
3482 0.12734
3483 0.127684
3484 0.128028
3485 0.128373
3486 0.128765
3487 0.129157
3488 0.129551
3489 0.129945
3490 0.13034
3491 0.130677
3492 0.131014
3493 0.131351
3494 0.131688
3495 0.132025
3496 0.132361
3497 0.132696
3498 0.133031
3499 0.133366
3500 0.1337
3501 0.133987
3502 0.134274
3503 0.13456
3504 0.134845
3505 0.13513
3506 0.135461
3507 0.135792
3508 0.136123
3509 0.136453
3510 0.136784
3511 0.137048
3512 0.137313
3513 0.137577
3514 0.137842
3515 0.138108
3516 0.138423
3517 0.138737
3518 0.139052
3519 0.139367
3520 0.139683
3521 0.140062
3522 0.140442
3523 0.140823
3524 0.141204
3525 0.141586
3526 0.14192
3527 0.142254
3528 0.142589
3529 0.142925
3530 0.143261
3531 0.14357
3532 0.143879
3533 0.144189
3534 0.144499
3535 0.14481
3536 0.145072
3537 0.145335
3538 0.145597
3539 0.14586
3540 0.146124
3541 0.146458
3542 0.146792
3543 0.147128
3544 0.147463
3545 0.1478
3546 0.148137
3547 0.148475
3548 0.148814
3549 0.149153
3550 0.149493
3551 0.149813
3552 0.150134
3553 0.150455
3554 0.150777
3555 0.1511
3556 0.151423
3557 0.151747
3558 0.152072
3559 0.152397
3560 0.152723
3561 0.152995
3562 0.153268
3563 0.153541
3564 0.153814
3565 0.154087
3566 0.154412
3567 0.154737
3568 0.155062
3569 0.155388
3570 0.155714
3571 0.156038
3572 0.156362
3573 0.156686
3574 0.157011
3575 0.157336
3576 0.157661
3577 0.157987
3578 0.158314
3579 0.15864
3580 0.158968
3581 0.159302
3582 0.159637
3583 0.159973
3584 0.160309
3585 0.160645
3586 0.160929
3587 0.161213
3588 0.161497
3589 0.161782
3590 0.162067
3591 0.162392
3592 0.162718
3593 0.163045
3594 0.163372
3595 0.1637
3596 0.164029
3597 0.164358
3598 0.164688
3599 0.165019
3600 0.16535
3601 0.165616
3602 0.165882
3603 0.166149
3604 0.166416
3605 0.166684
3606 0.167006
3607 0.167329
3608 0.167653
3609 0.167977
3610 0.168302
3611 0.168639
3612 0.168977
3613 0.169315
3614 0.169653
3615 0.169992
3616 0.170331
3617 0.170671
3618 0.171012
3619 0.171353
3620 0.171694
3621 0.171974
3622 0.172255
3623 0.172536
3624 0.172817
3625 0.173098
3626 0.173436
3627 0.173773
3628 0.174111
3629 0.17445
3630 0.174788
3631 0.175122
3632 0.175457
3633 0.175792
3634 0.176127
3635 0.176462
3636 0.176742
3637 0.177021
3638 0.177301
3639 0.177582
3640 0.177863
3641 0.178192
3642 0.178522
3643 0.178853
3644 0.179184
3645 0.179515
3646 0.179847
3647 0.18018
3648 0.180512
3649 0.180846
3650 0.181179
3651 0.181456
3652 0.181732
3653 0.182009
3654 0.182286
3655 0.182564
3656 0.182899
3657 0.183234
3658 0.183569
3659 0.183905
3660 0.184241
3661 0.184571
3662 0.184902
3663 0.185233
3664 0.185565
3665 0.185897
3666 0.186172
3667 0.186447
3668 0.186722
3669 0.186998
3670 0.187274
3671 0.187607
3672 0.187942
3673 0.188276
3674 0.188611
3675 0.188946
3676 0.189282
3677 0.189618
3678 0.189955
3679 0.190291
3680 0.190628
3681 0.190907
3682 0.191186
3683 0.191465
3684 0.191744
3685 0.192024
3686 0.192363
3687 0.192704
3688 0.193044
3689 0.193385
3690 0.193726
3691 0.194
3692 0.194273
3693 0.194546
3694 0.194819
3695 0.195092
3696 0.195424
3697 0.195757
3698 0.196088
3699 0.19642
3700 0.196751
3701 0.197076
3702 0.197402
3703 0.197727
3704 0.198051
3705 0.198375
3706 0.198638
3707 0.1989
3708 0.199162
3709 0.199423
3710 0.199684
3711 0.2
3712 0.200316
3713 0.200632
3714 0.200949
3715 0.201266
3716 0.201522
3717 0.201778
3718 0.202034
3719 0.20229
3720 0.202546
3721 0.202857
3722 0.203168
3723 0.203479
3724 0.20379
3725 0.204102
3726 0.204351
3727 0.204601
3728 0.204851
3729 0.205101
3730 0.205352
3731 0.205671
3732 0.20599
3733 0.20631
3734 0.20663
3735 0.206951
3736 0.207209
3737 0.207467
3738 0.207725
3739 0.207984
3740 0.208243
3741 0.208553
3742 0.208864
3743 0.209176
3744 0.209488
3745 0.209802
3746 0.210053
3747 0.210305
3748 0.210558
3749 0.210813
3750 0.211068
3751 0.211391
3752 0.211715
3753 0.212041
3754 0.212367
3755 0.212695
3756 0.21296
3757 0.213225
3758 0.213492
3759 0.213759
3760 0.214027
3761 0.214354
3762 0.214683
3763 0.215011
3764 0.21534
3765 0.215669
3766 0.215933
3767 0.216198
3768 0.216463
3769 0.216728
3770 0.216994
3771 0.217314
3772 0.217634
3773 0.217955
3774 0.218276
3775 0.218598
3776 0.218854
3777 0.219111
3778 0.219368
3779 0.219625
3780 0.219882
3781 0.220199
3782 0.220516
3783 0.220833
3784 0.221151
3785 0.221468
3786 0.22172
3787 0.221972
3788 0.222223
3789 0.222475
3790 0.222727
3791 0.222975
3792 0.223222
3793 0.223139
3794 0.223055
3795 0.222848
3796 0.222706
3797 0.222575
3798 0.222444
3799 0.222312
3800 0.222179
3801 0.221979
3802 0.221778
3803 0.221588
3804 0.221398
3805 0.221195
3806 0.221056
3807 0.220928
3808 0.220799
3809 0.220669
3810 0.220538
3811 0.220323
3812 0.220107
3813 0.219903
3814 0.219698
3815 0.21948
3816 0.219325
3817 0.219182
3818 0.219037
3819 0.218892
3820 0.218746
3821 0.218514
3822 0.21828
3823 0.218059
3824 0.217837
3825 0.217601
3826 0.217429
3827 0.217152
3828 0.216875
3829 0.216236
3830 0.215594
3831 0.214876
3832 0.214156
3833 0.213434
3834 0.21271
3835 0.211997
3836 0.211282
3837 0.210552
3838 0.20982
3839 0.209086
3840 0.208349
3841 0.207625
3842 0.206899
3843 0.20617
3844 0.20544
3845 0.20472
3846 0.204057
3847 0.203378
3848 0.202697
3849 0.202013
3850 0.201326
3851 0.200558
3852 0.199788
3853 0.199015
3854 0.198241
3855 0.197479
3856 0.196771
3857 0.196047
3858 0.195321
3859 0.194593
3860 0.193862
3861 0.193085
3862 0.192307
3863 0.191527
3864 0.190744
3865 0.189974
3866 0.189202
3867 0.188414
3868 0.187625
3869 0.186834
3870 0.186041
3871 0.185291
3872 0.184539
3873 0.183785
3874 0.183029
3875 0.182283
3876 0.181484
3877 0.180669
3878 0.179853
3879 0.179034
3880 0.178214
3881 0.177392
3882 0.176567
3883 0.175741
3884 0.174913
3885 0.174097
3886 0.173329
3887 0.172544
3888 0.171757
3889 0.170967
3890 0.170176
3891 0.169324
3892 0.16847
3893 0.167615
3894 0.166759
3895 0.165915
3896 0.16507
3897 0.164209
3898 0.163347
3899 0.162483
3900 0.161618
3901 0.160805
3902 0.15999
3903 0.159173
3904 0.158354
3905 0.157546
3906 0.156693
3907 0.155824
3908 0.154954
3909 0.154082
3910 0.153208
3911 0.152321
3912 0.151432
3913 0.150541
3914 0.149649
3915 0.148769
3916 0.147887
3917 0.14699
3918 0.146091
3919 0.14519
3920 0.144287
3921 0.143425
3922 0.142561
3923 0.141695
3924 0.140826
3925 0.139969
3926 0.13907
3927 0.138156
3928 0.137239
3929 0.13632
3930 0.1354
3931 0.134481
3932 0.133561
3933 0.132638
3934 0.131713
3935 0.130801
3936 0.129923
3937 0.129028
3938 0.128131
3939 0.127231
3940 0.126329
3941 0.125387
3942 0.124444
3943 0.123499
3944 0.122552
3945 0.121619
3946 0.120683
3947 0.119732
3948 0.118778
3949 0.117824
3950 0.116867
3951 0.115901
3952 0.114934
3953 0.113966
3954 0.112996
3955 0.112039
3956 0.111081
3957 0.110107
3958 0.109131
3959 0.108154
3960 0.107176
3961 0.106226
3962 0.105274
3963 0.104319
3964 0.103362
3965 0.102417
3966 0.101441
3967 0.100449
3968 0.0994539
3969 0.0984571
3970 0.0974581
3971 0.0964591
3972 0.0954579
3973 0.0944543
3974 0.0934483
3975 0.0924549
3976 0.0914592
3977 0.0904462
3978 0.089431
3979 0.0884136
3980 0.087394
3981 0.0863691
3982 0.0853422
3983 0.0843134
3984 0.0832828
3985 0.0822654
3986 0.0812687
3987 0.0802545
3988 0.0792378
3989 0.0782187
3990 0.0771972
3991 0.076152
3992 0.0751051
3993 0.0740564
3994 0.0730061
3995 0.0719693
3996 0.0709308
3997 0.0698754
3998 0.0688182
3999 0.0677593
4000 0.0666987
4001 0.0656329
4002 0.0645655
4003 0.0634965
4004 0.0624258
4005 0.0613688
4006 0.0603101
4007 0.0592345
4008 0.0581573
4009 0.0570784
4010 0.0559979
4011 0.0549295
4012 0.0538589
4013 0.0527861
4014 0.0517111
4015 0.0506494
4016 0.049572
4017 0.0484775
4018 0.0473814
4019 0.0462836
4020 0.0451843
4021 0.0440854
4022 0.0429847
4023 0.0418823
4024 0.0407782
4025 0.039688
4026 0.038596
4027 0.0374868
4028 0.0363758
4029 0.0352631
4030 0.0341487
4031 0.0330334
4032 0.0319163
4033 0.0307974
4034 0.0296767
4035 0.0288524
4036 0.0280269
4037 0.0274673
4038 0.0269068
4039 0.0263611
4040 0.0258146
4041 0.0252642
4042 0.0247131
4043 0.0241455
4044 0.023577
4045 0.0230236
4046 0.0224755
4047 0.0219106
4048 0.0213445
4049 0.0207932
4050 0.0202408
4051 0.0196829
4052 0.0191242
4053 0.0185487
4054 0.0179725
4055 0.0174113
4056 0.0168493
4057 0.0162706
4058 0.015691
4059 0.0151265
4060 0.0145613
4061 0.0139955
4062 0.0134289
4063 0.0128455
4064 0.0122611
4065 0.011692
4066 0.011122
4067 0.0105351
4068 0.00994727
4069 0.00937471
4070 0.0088013
4071 0.00822666
4072 0.00765122
4073 0.00705883
4074 0.00646562
4075 0.00588776
4076 0.00530911
4077 0.00471345
4078 0.00411698
4079 0.0035359
4080 0.00295402
4081 0.00237139
4082 0.00178794
4083 0.00118739
4084 0.000585977
4085 0.000293197
