6760 8.01768e-13
6761 0.000938012
6762 0.0018764
6763 0.00281517
6764 0.00375432
6765 0.00466914
6766 0.00558316
6767 0.00652187
6768 0.00746055
6769 0.00839923
6770 0.00933788
6771 0.0102767
6772 0.0112156
6773 0.0121298
6774 0.013044
6775 0.013983
6776 0.0149251
6777 0.0158676
6778 0.0168105
6779 0.0177539
6780 0.0186977
6781 0.0196129
6782 0.0205282
6783 0.0214682
6784 0.0224083
6785 0.0233483
6786 0.0242884
6787 0.0252285
6788 0.0261686
6789 0.027084
6790 0.0279994
6791 0.0289393
6792 0.0298792
6793 0.030819
6794 0.0317589
6795 0.0326987
6796 0.0336386
6797 0.0345537
6798 0.0354688
6799 0.0364086
6800 0.0373484
6801 0.038294
6802 0.0392398
6803 0.0401858
6804 0.0411322
6805 0.042054
6806 0.0429671
6807 0.0439049
6808 0.0448425
6809 0.04578
6810 0.0467173
6811 0.0485964
6812 0.0504753
6813 0.0523293
6814 0.0541833
6815 0.0560618
6816 0.0579402
6817 0.0597938
6818 0.0616473
6819 0.0635253
6820 0.0654033
6821 0.0672538
6822 0.069104
6823 0.0709786
6824 0.0728531
6825 0.0747025
6826 0.0765677
6827 0.0784582
6828 0.0803492
6829 0.0822159
6830 0.0840832
6831 0.0859579
6832 0.0878324
6833 0.0896819
6834 0.0915311
6835 0.0934048
6836 0.0952783
6837 0.097127
6838 0.0989754
6839 0.100848
6840 0.102721
6841 0.104569
6842 0.106417
6843 0.108289
6844 0.11016
6845 0.112007
6846 0.113853
6847 0.115723
6848 0.117593
6849 0.119437
6850 0.121281
6851 0.12315
6852 0.125018
6853 0.126861
6854 0.128703
6855 0.13057
6856 0.132297
6857 0.133995
6858 0.135689
6859 0.137402
6860 0.139112
6861 0.139605
6862 0.140062
6863 0.140459
6864 0.14082
6865 0.141169
6866 0.139326
6867 0.137372
6868 0.135329
6869 0.133219
6870 0.13102
6871 0.130728
6872 0.130394
6873 0.130038
6874 0.129639
6875 0.129179
6876 0.132805
6877 0.136498
6878 0.14024
6879 0.144009
6880 0.147826
6881 0.151304
6882 0.154821
6883 0.158357
6884 0.161932
6885 0.165569
6886 0.166678
6887 0.167754
6888 0.16882
6889 0.169895
6890 0.17096
6891 0.172566
6892 0.174171
6893 0.175798
6894 0.177425
6895 0.179031
6896 0.181462
6897 0.183929
6898 0.186411
6899 0.188887
6900 0.191377
6901 0.193758
6902 0.196152
6903 0.198537
6904 0.200933
6905 0.203365
6906 0.205904
6907 0.208435
6908 0.210979
6909 0.21356
6910 0.216156
6911 0.218532
6912 0.22092
6913 0.223294
6914 0.225678
6915 0.228095
6916 0.230471
6917 0.232833
6918 0.235203
6919 0.237607
6920 0.24002
6921 0.242336
6922 0.244659
6923 0.247014
6924 0.249377
6925 0.251724
6926 0.253968
6927 0.256243
6928 0.258525
6929 0.260789
6930 0.263059
6931 0.265063
6932 0.267069
6933 0.269054
6934 0.271041
6935 0.273055
6936 0.274895
6937 0.27671
6938 0.278526
6939 0.280366
6940 0.282206
6941 0.284057
6942 0.28591
6943 0.287787
6944 0.289664
6945 0.291518
6946 0.293561
6947 0.295631
6948 0.297704
6949 0.299755
6950 0.301809
6951 0.303774
6952 0.305741
6953 0.307684
6954 0.309629
6955 0.3116
6956 0.31344
6957 0.315255
6958 0.317069
6959 0.318908
6960 0.320747
6961 0.32298
6962 0.325217
6963 0.327435
6964 0.329656
6965 0.331907
6966 0.334232
6967 0.336538
6968 0.338848
6969 0.341189
6970 0.343535
6971 0.345446
6972 0.347358
6973 0.349295
6974 0.351233
6975 0.353147
6976 0.354913
6977 0.356703
6978 0.358492
6979 0.360256
6980 0.362019
6981 0.36363
6982 0.365239
6983 0.366821
6984 0.3684
6985 0.370001
6986 0.371443
6987 0.372856
6988 0.374265
6989 0.375695
6990 0.377121
6991 0.378935
6992 0.380748
6993 0.382586
6994 0.384424
6995 0.386238
6996 0.388215
6997 0.390218
6998 0.392223
6999 0.394205
7000 0.396188
7001 0.398041
7002 0.399894
7003 0.401723
7004 0.403552
7005 0.405405
7006 0.407258
7007 0.409086
7008 0.410915
7009 0.412768
7010 0.414621
7011 0.416462
7012 0.418304
7013 0.42012
7014 0.421937
7015 0.423778
7016 0.425709
7017 0.427396
7018 0.429083
7019 0.430064
7020 0.431044
7021 0.431968
7022 0.432892
7023 0.433816
7024 0.434739
7025 0.435663
7026 0.436771
7027 0.437855
7028 0.438939
7029 0.440049
7030 0.44116
7031 0.442471
7032 0.443784
7033 0.445098
7034 0.446414
7035 0.447707
7036 0.448626
7037 0.449569
7038 0.450512
7039 0.451456
7040 0.452399
7041 0.453316
7042 0.454232
7043 0.455149
7044 0.456065
7045 0.456957
7046 0.457848
7047 0.458764
7048 0.45968
7049 0.460596
7050 0.461512
7051 0.462431
7052 0.463349
7053 0.463555
7054 0.463761
7055 0.463746
7056 0.463828
7057 0.46391
7058 0.463992
7059 0.464074
7060 0.464156
7061 0.464242
7062 0.464327
7063 0.464413
7064 0.464499
7065 0.464585
7066 0.464671
7067 0.464757
7068 0.464843
7069 0.464929
7070 0.465015
7071 0.464992
7072 0.46497
7073 0.464948
7074 0.464926
7075 0.464904
7076 0.464882
7077 0.46486
7078 0.464837
7079 0.464815
7080 0.464793
7081 0.464888
7082 0.464982
7083 0.465077
7084 0.465172
7085 0.465266
7086 0.465361
7087 0.465456
7088 0.46555
7089 0.465645
7090 0.465739
7091 0.465736
7092 0.465732
7093 0.465728
7094 0.465725
7095 0.465721
7096 0.465717
7097 0.465714
7098 0.46571
7099 0.465706
7100 0.465703
7101 0.465684
7102 0.465665
7103 0.465647
7104 0.465628
7105 0.465609
7106 0.465591
7107 0.465572
7108 0.465554
7109 0.465535
7110 0.465516
7111 0.465632
7112 0.465747
7113 0.465862
7114 0.465978
7115 0.466093
7116 0.466209
7117 0.466324
7118 0.466439
7119 0.466555
7120 0.46667
7121 0.466534
7122 0.466397
7123 0.466261
7124 0.466124
7125 0.465988
7126 0.465948
7127 0.465909
7128 0.46587
7129 0.46583
7130 0.465791
7131 0.465786
7132 0.465782
7133 0.465777
7134 0.465773
7135 0.465768
7136 0.465764
7137 0.46576
7138 0.465757
7139 0.465753
7140 0.46575
7141 0.465649
7142 0.465548
7143 0.465446
7144 0.465344
7145 0.465241
7146 0.465137
7147 0.465032
7148 0.464926
7149 0.464819
7150 0.464711
7151 0.464588
7152 0.464463
7153 0.464338
7154 0.464212
7155 0.464085
7156 0.46386
7157 0.463634
7158 0.463408
7159 0.463181
7160 0.462954
7161 0.462059
7162 0.461165
7163 0.460271
7164 0.459376
7165 0.458483
7166 0.456525
7167 0.454567
7168 0.452609
7169 0.450652
7170 0.448694
7171 0.446842
7172 0.444991
7173 0.443139
7174 0.441287
7175 0.439436
7176 0.438649
7177 0.437863
7178 0.437076
7179 0.436289
7180 0.435503
7181 0.434115
7182 0.432728
7183 0.43134
7184 0.429953
7185 0.428566
7186 0.427663
7187 0.426761
7188 0.425858
7189 0.424956
7190 0.424054
7191 0.424111
7192 0.424168
7193 0.424224
7194 0.424281
7195 0.424337
7196 0.424586
7197 0.424835
7198 0.425083
7199 0.425331
7200 0.425579
7201 0.426523
7202 0.427467
7203 0.428411
7204 0.429355
7205 0.430299
7206 0.432691
7207 0.435083
7208 0.437475
7209 0.439867
7210 0.442258
7211 0.444562
7212 0.446865
7213 0.449169
7214 0.451473
7215 0.453777
7216 0.454537
7217 0.455297
7218 0.456057
7219 0.456818
7220 0.457579
7221 0.457359
7222 0.45714
7223 0.45692
7224 0.456701
7225 0.45648
7226 0.454909
7227 0.453337
7228 0.451764
7229 0.450192
7230 0.44862
7231 0.446257
7232 0.443896
7233 0.441534
7234 0.439173
7235 0.436812
7236 0.436477
7237 0.43614
7238 0.435804
7239 0.435468
7240 0.435133
7241 0.435296
7242 0.435461
7243 0.435626
7244 0.435792
7245 0.435959
7246 0.436321
7247 0.436683
7248 0.437046
7249 0.437411
7250 0.437776
7251 0.438152
7252 0.438529
7253 0.438907
7254 0.439285
7255 0.439665
7256 0.44043
7257 0.441196
7258 0.441962
7259 0.442729
7260 0.443497
7261 0.443494
7262 0.443491
7263 0.443489
7264 0.443486
7265 0.443483
7266 0.443382
7267 0.443282
7268 0.443182
7269 0.443082
7270 0.442982
7271 0.442101
7272 0.441219
7273 0.440338
7274 0.439457
7275 0.438575
7276 0.438465
7277 0.438354
7278 0.438243
7279 0.438132
7280 0.438021
7281 0.439552
7282 0.441083
7283 0.442614
7284 0.444145
7285 0.445676
7286 0.445473
7287 0.44527
7288 0.445067
7289 0.444864
7290 0.444662
7291 0.444956
7292 0.44525
7293 0.445546
7294 0.445842
7295 0.446138
7296 0.44682
7297 0.447503
7298 0.448187
7299 0.448872
7300 0.449558
7301 0.44924
7302 0.448922
7303 0.448605
7304 0.44829
7305 0.447976
7306 0.447952
7307 0.447929
7308 0.447907
7309 0.447886
7310 0.447865
7311 0.448159
7312 0.448454
7313 0.448748
7314 0.449042
7315 0.449336
7316 0.450015
7317 0.450693
7318 0.451371
7319 0.452049
7320 0.452727
7321 0.453787
7322 0.454847
7323 0.455907
7324 0.456966
7325 0.458024
7326 0.458505
7327 0.458985
7328 0.459465
7329 0.459945
7330 0.460425
7331 0.460434
7332 0.460444
7333 0.460453
7334 0.460463
7335 0.460473
7336 0.460774
7337 0.461075
7338 0.461376
7339 0.461678
7340 0.46198
7341 0.462072
7342 0.462163
7343 0.462254
7344 0.462345
7345 0.462434
7346 0.462331
7347 0.462226
7348 0.462121
7349 0.462014
7350 0.461906
7351 0.462002
7352 0.462097
7353 0.46219
7354 0.462282
7355 0.462373
7356 0.46227
7357 0.462166
7358 0.462061
7359 0.461956
7360 0.46185
7361 0.461737
7362 0.461624
7363 0.461511
7364 0.461398
7365 0.461285
7366 0.461366
7367 0.461447
7368 0.461528
7369 0.461608
7370 0.461689
7371 0.461965
7372 0.462241
7373 0.462517
7374 0.462793
7375 0.463069
7376 0.463249
7377 0.463429
7378 0.463608
7379 0.463788
7380 0.463968
7381 0.463956
7382 0.463944
7383 0.463932
7384 0.46392
7385 0.463909
7386 0.463993
7387 0.464077
7388 0.464161
7389 0.464246
7390 0.46433
7391 0.464315
7392 0.464301
7393 0.464286
7394 0.464272
7395 0.464258
7396 0.464339
7397 0.464421
7398 0.464503
7399 0.464584
7400 0.464666
7401 0.464755
7402 0.464845
7403 0.464934
7404 0.465023
7405 0.465113
7406 0.465202
7407 0.465291
7408 0.465381
7409 0.46547
7410 0.465559
7411 0.465542
7412 0.465524
7413 0.465507
7414 0.46549
7415 0.465472
7416 0.465551
7417 0.465629
7418 0.465708
7419 0.465787
7420 0.465865
7421 0.465837
7422 0.465808
7423 0.465779
7424 0.465751
7425 0.465722
7426 0.465694
7427 0.465665
7428 0.465636
7429 0.465608
7430 0.465579
7431 0.465667
7432 0.465754
7433 0.465841
7434 0.465928
7435 0.466016
7436 0.466007
7437 0.465998
7438 0.465989
7439 0.465981
7440 0.465972
7441 0.465953
7442 0.465934
7443 0.465914
7444 0.465895
7445 0.465876
7446 0.465857
7447 0.465837
7448 0.465818
7449 0.465799
7450 0.465779
7451 0.465769
7452 0.465758
7453 0.465747
7454 0.465736
7455 0.465725
7456 0.465714
7457 0.465703
7458 0.465692
7459 0.465681
7460 0.46567
7461 0.465634
7462 0.465598
7463 0.465562
7464 0.465526
7465 0.46549
7466 0.465454
7467 0.465418
7468 0.465381
7469 0.465345
7470 0.465309
7471 0.46541
7472 0.465511
7473 0.465611
7474 0.465712
7475 0.465813
7476 0.465817
7477 0.465822
7478 0.465827
7479 0.465832
7480 0.465837
7481 0.465796
7482 0.465756
7483 0.465715
7484 0.465675
7485 0.465635
7486 0.465594
7487 0.465554
7488 0.465514
7489 0.465473
7490 0.465433
7491 0.465435
7492 0.465438
7493 0.46544
7494 0.465442
7495 0.465445
7496 0.465447
7497 0.465449
7498 0.465452
7499 0.465454
7500 0.465457
7501 0.465426
7502 0.465395
7503 0.465364
7504 0.465333
7505 0.465302
7506 0.465366
7507 0.465431
7508 0.465496
7509 0.465561
7510 0.465625
7511 0.465612
7512 0.465599
7513 0.465585
7514 0.465572
7515 0.465559
7516 0.465545
7517 0.465532
7518 0.465519
7519 0.465505
7520 0.465492
7521 0.465477
7522 0.465463
7523 0.465448
7524 0.465433
7525 0.465418
7526 0.465404
7527 0.465389
7528 0.465374
7529 0.465359
7530 0.465345
7531 0.4654
7532 0.465455
7533 0.465509
7534 0.465564
7535 0.465619
7536 0.465578
7537 0.465536
7538 0.465494
7539 0.465452
7540 0.465411
7541 0.465375
7542 0.46534
7543 0.465305
7544 0.465271
7545 0.465237
7546 0.465205
7547 0.465173
7548 0.465143
7549 0.465113
7550 0.465084
7551 0.465046
7552 0.465009
7553 0.464972
7554 0.464937
7555 0.464902
7556 0.464869
7557 0.464836
7558 0.464803
7559 0.464772
7560 0.464741
7561 0.464746
7562 0.464752
7563 0.464758
7564 0.464764
7565 0.464769
7566 0.46487
7567 0.46497
7568 0.46507
7569 0.46517
7570 0.46527
7571 0.46526
7572 0.46525
7573 0.46524
7574 0.46523
7575 0.465219
7576 0.465209
7577 0.465199
7578 0.465189
7579 0.465178
7580 0.465168
7581 0.464782
7582 0.464395
7583 0.464008
7584 0.463622
7585 0.463235
7586 0.458937
7587 0.454639
7588 0.450342
7589 0.446045
7590 0.441748
7591 0.424561
7592 0.407376
7593 0.390191
7594 0.373006
7595 0.355822
7596 0.330721
7597 0.305622
7598 0.280523
7599 0.255426
7600 0.230331
7601 0.216973
7602 0.203615
7603 0.190258
7604 0.176901
7605 0.163544
7606 0.164969
7607 0.166393
7608 0.167817
7609 0.169241
7610 0.170664
7611 0.184185
7612 0.197704
7613 0.21122
7614 0.224734
7615 0.238246
7616 0.252422
7617 0.266596
7618 0.280767
7619 0.294936
7620 0.309102
7621 0.307093
7622 0.305085
7623 0.303077
7624 0.301069
7625 0.299061
7626 0.291435
7627 0.283808
7628 0.276182
7629 0.268556
7630 0.260931
7631 0.261002
7632 0.261072
7633 0.261143
7634 0.261214
7635 0.261284
7636 0.265543
7637 0.2698
7638 0.274057
7639 0.278313
7640 0.282568
7641 0.287687
7642 0.292805
7643 0.297922
7644 0.303039
7645 0.308154
7646 0.314221
7647 0.320286
7648 0.326351
7649 0.332415
7650 0.338478
7651 0.343895
7652 0.349312
7653 0.354729
7654 0.360146
7655 0.365563
7656 0.36984
7657 0.374116
7658 0.378392
7659 0.382667
7660 0.386943
7661 0.390591
7662 0.394237
7663 0.397883
7664 0.401527
7665 0.40517
7666 0.409002
7667 0.412832
7668 0.416662
7669 0.42049
7670 0.424317
7671 0.426851
7672 0.429384
7673 0.431917
7674 0.43445
7675 0.436982
7676 0.438376
7677 0.439769
7678 0.441162
7679 0.442554
7680 0.443947
7681 0.444905
7682 0.445863
7683 0.446821
7684 0.447779
7685 0.448737
7686 0.44941
7687 0.450082
7688 0.450754
7689 0.451426
7690 0.452099
7691 0.452617
7692 0.453136
7693 0.453655
7694 0.454175
7695 0.454696
7696 0.455407
7697 0.45612
7698 0.456833
7699 0.457548
7700 0.458264
7701 0.458707
7702 0.459152
7703 0.459597
7704 0.460044
7705 0.460492
7706 0.460657
7707 0.460823
7708 0.46099
7709 0.461158
7710 0.461326
7711 0.461421
7712 0.461515
7713 0.461609
7714 0.461702
7715 0.461795
7716 0.461792
7717 0.461789
7718 0.461786
7719 0.461782
7720 0.461778
7721 0.461761
7722 0.461745
7723 0.461728
7724 0.46171
7725 0.461693
7726 0.461675
7727 0.461657
7728 0.461638
7729 0.46162
7730 0.461601
7731 0.461666
7732 0.461731
7733 0.461796
7734 0.461862
7735 0.461927
7736 0.461898
7737 0.46187
7738 0.461842
7739 0.461814
7740 0.461786
7741 0.46178
7742 0.461775
7743 0.461768
7744 0.461761
7745 0.461753
7746 0.461744
7747 0.461734
7748 0.461724
7749 0.461712
7750 0.4617
7751 0.461667
7752 0.461632
7753 0.461597
7754 0.461562
7755 0.461525
7756 0.461487
7757 0.461449
7758 0.461409
7759 0.46137
7760 0.46133
7761 0.461302
7762 0.461275
7763 0.461248
7764 0.46122
7765 0.461194
7766 0.461167
7767 0.461141
7768 0.461115
7769 0.461088
7770 0.461062
7771 0.461023
7772 0.460985
7773 0.460946
7774 0.460907
7775 0.460868
7776 0.460829
7777 0.460791
7778 0.460752
7779 0.460713
7780 0.460674
7781 0.460638
7782 0.460602
7783 0.460566
7784 0.46053
7785 0.460494
7786 0.460457
7787 0.460421
7788 0.460385
7789 0.460349
7790 0.460313
7791 0.460392
7792 0.460471
7793 0.460551
7794 0.46063
7795 0.460709
7796 0.460694
7797 0.460679
7798 0.460664
7799 0.460649
7800 0.460634
7801 0.460553
7802 0.460472
7803 0.460391
7804 0.46031
7805 0.460229
7806 0.460149
7807 0.460068
7808 0.459987
7809 0.459906
7810 0.459825
7811 0.459829
7812 0.459832
7813 0.459836
7814 0.459839
7815 0.459843
7816 0.459846
7817 0.45985
7818 0.459853
7819 0.459857
7820 0.45986
7821 0.459825
7822 0.459789
7823 0.459754
7824 0.459718
7825 0.459682
7826 0.459647
7827 0.459611
7828 0.459576
7829 0.45954
7830 0.459505
7831 0.459461
7832 0.459416
7833 0.459372
7834 0.459328
7835 0.459283
7836 0.459239
7837 0.459195
7838 0.45915
7839 0.459106
7840 0.459062
7841 0.459011
7842 0.458959
7843 0.458908
7844 0.458857
7845 0.458805
7846 0.458754
7847 0.458703
7848 0.458651
7849 0.4586
7850 0.458549
7851 0.458548
7852 0.458548
7853 0.458547
7854 0.458546
7855 0.458545
7856 0.458545
7857 0.458544
7858 0.458543
7859 0.458543
7860 0.458542
7861 0.458405
7862 0.458268
7863 0.458132
7864 0.457995
7865 0.457858
7866 0.457815
7867 0.457772
7868 0.457729
7869 0.457687
7870 0.457644
7871 0.457527
7872 0.45741
7873 0.457293
7874 0.457176
7875 0.457059
7876 0.457036
7877 0.457013
7878 0.45699
7879 0.456967
7880 0.456943
7881 0.456799
7882 0.456655
7883 0.456511
7884 0.456366
7885 0.456222
7886 0.455984
7887 0.455746
7888 0.455509
7889 0.455271
7890 0.455033
7891 0.454793
7892 0.454553
7893 0.454313
7894 0.454073
7895 0.453833
7896 0.45378
7897 0.453727
7898 0.453675
7899 0.453622
7900 0.453569
7901 0.453559
7902 0.453549
7903 0.453539
7904 0.453529
7905 0.453519
7906 0.453509
7907 0.453499
7908 0.453489
7909 0.453479
7910 0.453468
7911 0.453644
7912 0.45382
7913 0.453995
7914 0.454171
7915 0.454346
7916 0.454335
7917 0.454323
7918 0.454312
7919 0.4543
7920 0.454289
7921 0.45414
7922 0.453991
7923 0.453842
7924 0.453693
7925 0.453544
7926 0.453582
7927 0.45362
7928 0.453658
7929 0.453696
7930 0.453733
7931 0.453997
7932 0.45426
7933 0.454524
7934 0.454787
7935 0.455051
7936 0.455314
7937 0.455578
7938 0.455841
7939 0.456104
7940 0.456368
7941 0.456311
7942 0.456255
7943 0.456198
7944 0.456142
7945 0.456085
7946 0.455936
7947 0.455786
7948 0.455636
7949 0.455487
7950 0.455337
7951 0.455117
7952 0.454896
7953 0.454676
7954 0.454455
7955 0.454235
7956 0.453735
7957 0.453235
7958 0.452736
7959 0.452236
7960 0.451736
7961 0.451522
7962 0.451308
7963 0.451094
7964 0.45088
7965 0.450665
7966 0.45101
7967 0.451354
7968 0.451699
7969 0.452043
7970 0.452387
7971 0.452624
7972 0.45286
7973 0.453096
7974 0.453332
7975 0.453568
7976 0.453618
7977 0.453667
7978 0.453717
7979 0.453767
7980 0.453817
7981 0.453807
7982 0.453798
7983 0.453788
7984 0.453779
7985 0.453769
7986 0.45376
7987 0.45375
7988 0.45374
7989 0.453731
7990 0.453721
7991 0.45369
7992 0.453659
7993 0.453628
7994 0.453597
7995 0.453566
7996 0.45335
7997 0.453133
7998 0.452916
7999 0.452699
8000 0.452483
8001 0.452279
8002 0.452076
8003 0.451873
8004 0.451669
8005 0.451466
8006 0.451449
8007 0.451431
8008 0.451414
8009 0.451396
8010 0.451379
8011 0.451372
8012 0.451365
8013 0.451358
8014 0.451351
8015 0.451344
8016 0.45143
8017 0.451516
8018 0.451602
8019 0.451688
8020 0.451774
8021 0.45175
8022 0.451726
8023 0.451703
8024 0.451679
8025 0.451655
8026 0.451631
8027 0.451608
8028 0.451584
8029 0.45156
8030 0.451537
8031 0.451642
8032 0.451747
8033 0.451853
8034 0.451958
8035 0.452063
8036 0.452076
8037 0.451873
8038 0.45167
8039 0.450773
8040 0.449875
8041 0.448963
8042 0.448051
8043 0.447139
8044 0.446228
8045 0.44534
8046 0.444634
8047 0.443904
8048 0.443173
8049 0.442442
8050 0.441709
8051 0.440964
8052 0.440217
8053 0.43947
8054 0.438722
8055 0.437998
8056 0.437094
8057 0.436166
8058 0.435239
8059 0.434311
8060 0.433383
8061 0.43245
8062 0.431517
8063 0.430608
8064 0.429699
8065 0.428766
8066 0.427833
8067 0.4269
8068 0.425968
8069 0.425035
8070 0.424102
8071 0.423209
8072 0.422316
8073 0.420726
8074 0.419135
8075 0.417305
8076 0.415475
8077 0.413669
8078 0.411863
8079 0.410033
8080 0.408202
8081 0.406268
8082 0.404335
8083 0.402427
8084 0.400519
8085 0.398589
8086 0.39666
8087 0.394755
8088 0.392852
8089 0.390926
8090 0.389
8091 0.387135
8092 0.385271
8093 0.383384
8094 0.381497
8095 0.379635
8096 0.377851
8097 0.376043
8098 0.374234
8099 0.37245
8100 0.370665
8101 0.368847
8102 0.367028
8103 0.365233
8104 0.363438
8105 0.361619
8106 0.359652
8107 0.357711
8108 0.355771
8109 0.353809
8110 0.351849
8111 0.349844
8112 0.347842
8113 0.345818
8114 0.343796
8115 0.3418
8116 0.339877
8117 0.337931
8118 0.335987
8119 0.334067
8120 0.33215
8121 0.330287
8122 0.328425
8123 0.326587
8124 0.32475
8125 0.32289
8126 0.320566
8127 0.318271
8128 0.315981
8129 0.313674
8130 0.311373
8131 0.308592
8132 0.305822
8133 0.303087
8134 0.300364
8135 0.297629
8136 0.295469
8137 0.293338
8138 0.291211
8139 0.289066
8140 0.286926
8141 0.285028
8142 0.283132
8143 0.281216
8144 0.279301
8145 0.277411
8146 0.275111
8147 0.272795
8148 0.270487
8149 0.268208
8150 0.265936
8151 0.263562
8152 0.261196
8153 0.258861
8154 0.256535
8155 0.254194
8156 0.251918
8157 0.249671
8158 0.247433
8159 0.245179
8160 0.242934
8161 0.240957
8162 0.238985
8163 0.236995
8164 0.235009
8165 0.23305
8166 0.232125
8167 0.231168
8168 0.230201
8169 0.229245
8170 0.22828
8171 0.226583
8172 0.224887
8173 0.223213
8174 0.221539
8175 0.219843
8176 0.217285
8177 0.214763
8178 0.212254
8179 0.209736
8180 0.207231
8181 0.206193
8182 0.205145
8183 0.204109
8184 0.203063
8185 0.201984
8186 0.200762
8187 0.199555
8188 0.19834
8189 0.197095
8190 0.195841
8191 0.194191
8192 0.19254
8193 0.190865
8194 0.18919
8195 0.187537
8196 0.185843
8197 0.184126
8198 0.182409
8199 0.180715
8200 0.17902
8201 0.178233
8202 0.177428
8203 0.176627
8204 0.175809
8205 0.17495
8206 0.173853
8207 0.172766
8208 0.171666
8209 0.170529
8210 0.169378
8211 0.16753
8212 0.165684
8213 0.163816
8214 0.16195
8215 0.160109
8216 0.157972
8217 0.155821
8218 0.153678
8219 0.151566
8220 0.149463
8221 0.146457
8222 0.143481
8223 0.140557
8224 0.137662
8225 0.134773
8226 0.131534
8227 0.128356
8228 0.125216
8229 0.122093
8230 0.11901
8231 0.118036
8232 0.117045
8233 0.116059
8234 0.115056
8235 0.114014
8236 0.113697
8237 0.113363
8238 0.112991
8239 0.112558
8240 0.112086
8241 0.110848
8242 0.109595
8243 0.108305
8244 0.106999
8245 0.105702
8246 0.104062
8247 0.102395
8248 0.100724
8249 0.0990734
8250 0.0974187
8251 0.0955416
8252 0.093668
8253 0.0918213
8254 0.0899781
8255 0.088115
8256 0.0862555
8257 0.0844228
8258 0.0825935
8259 0.0807445
8260 0.078899
8261 0.0773498
8262 0.0757919
8263 0.0742018
8264 0.072603
8265 0.0710189
8266 0.0693105
8267 0.0675757
8268 0.065838
8269 0.0641212
8270 0.0624015
8271 0.0602998
8272 0.0582163
8273 0.0561744
8274 0.0541505
8275 0.0521216
8276 0.0502184
8277 0.0483489
8278 0.04649
8279 0.044619
8280 0.0427588
8281 0.0419827
8282 0.0412031
8283 0.0404201
8284 0.0396336
8285 0.0388665
8286 0.0380227
8287 0.0371559
8288 0.036289
8289 0.0354219
8290 0.0345548
8291 0.0337094
8292 0.0328627
8293 0.0320377
8294 0.0312115
8295 0.0303611
8296 0.0295472
8297 0.0287299
8298 0.027909
8299 0.0270846
8300 0.0262567
8301 0.0254115
8302 0.0245653
8303 0.0236951
8304 0.0228239
8305 0.0219519
8306 0.02111
8307 0.0202646
8308 0.0194158
8309 0.0185869
8310 0.0177545
8311 0.016857
8312 0.01596
8313 0.0150636
8314 0.0141677
8315 0.0132723
8316 0.012349
8317 0.0114537
8318 0.0105629
8319 0.00965344
8320 0.00874859
8321 0.00788186
8322 0.00701228
8323 0.00613984
8324 0.00526455
8325 0.00440975
8326 0.00355439
8327 0.00267174
8328 0.00178513
8329 0.000894546
