8030 1.0394e-12
8031 0.000909025
8032 0.00181847
8033 0.00270442
8034 0.00359077
8035 0.00450148
8036 0.0054115
8037 0.00629763
8038 0.00718381
8039 0.00809398
8040 0.00900421
8041 0.00989022
8042 0.0107762
8043 0.0116862
8044 0.0125961
8045 0.0134821
8046 0.014374
8047 0.0152905
8048 0.0162078
8049 0.0171258
8050 0.0180446
8051 0.0189396
8052 0.0198352
8053 0.0207556
8054 0.0216766
8055 0.0225742
8056 0.023463
8057 0.0243757
8058 0.0252884
8059 0.0261769
8060 0.0270654
8061 0.0279775
8062 0.0288896
8063 0.0298015
8064 0.0307134
8065 0.0316011
8066 0.0324888
8067 0.0334004
8068 0.0343119
8069 0.0351993
8070 0.0360867
8071 0.0369993
8072 0.0379118
8073 0.0388004
8074 0.0396889
8075 0.0406014
8076 0.0415139
8077 0.0424023
8078 0.0432907
8079 0.0442032
8080 0.0451156
8081 0.0469048
8082 0.0486931
8083 0.0504804
8084 0.0522667
8085 0.0540521
8086 0.0558365
8087 0.05762
8088 0.0594024
8089 0.0612079
8090 0.0630125
8091 0.0647981
8092 0.066583
8093 0.0683673
8094 0.070151
8095 0.0719341
8096 0.0737317
8097 0.0755293
8098 0.0773271
8099 0.079125
8100 0.0809229
8101 0.0827187
8102 0.0845145
8103 0.0863103
8104 0.0881061
8105 0.0899259
8106 0.091708
8107 0.0934647
8108 0.0952199
8109 0.0969737
8110 0.098726
8111 0.100457
8112 0.102186
8113 0.103912
8114 0.105637
8115 0.107359
8116 0.109102
8117 0.110843
8118 0.112582
8119 0.114321
8120 0.116057
8121 0.117844
8122 0.11963
8123 0.121392
8124 0.123153
8125 0.124914
8126 0.12649
8127 0.128061
8128 0.129626
8129 0.131185
8130 0.132739
8131 0.134075
8132 0.135401
8133 0.136715
8134 0.138018
8135 0.139309
8136 0.140858
8137 0.142403
8138 0.143943
8139 0.145501
8140 0.147055
8141 0.148693
8142 0.150329
8143 0.151963
8144 0.153595
8145 0.155225
8146 0.156617
8147 0.158003
8148 0.159381
8149 0.160752
8150 0.162115
8151 0.163417
8152 0.164711
8153 0.165997
8154 0.167274
8155 0.168565
8156 0.169886
8157 0.171176
8158 0.172458
8159 0.173733
8160 0.175001
8161 0.176436
8162 0.177867
8163 0.179293
8164 0.180715
8165 0.182133
8166 0.184365
8167 0.186607
8168 0.18886
8169 0.191123
8170 0.193397
8171 0.195103
8172 0.19681
8173 0.198494
8174 0.200178
8175 0.201862
8176 0.202743
8177 0.20361
8178 0.204465
8179 0.205306
8180 0.206133
8181 0.208417
8182 0.210711
8183 0.213015
8184 0.215329
8185 0.217653
8186 0.219842
8187 0.222039
8188 0.224244
8189 0.226479
8190 0.228722
8191 0.230462
8192 0.232203
8193 0.233944
8194 0.235686
8195 0.237429
8196 0.239121
8197 0.240813
8198 0.242504
8199 0.244196
8200 0.245888
8201 0.248877
8202 0.251884
8203 0.254909
8204 0.257952
8205 0.261036
8206 0.263803
8207 0.266561
8208 0.269332
8209 0.272117
8210 0.274914
8211 0.276558
8212 0.2782
8213 0.279841
8214 0.28148
8215 0.283117
8216 0.284219
8217 0.285312
8218 0.286397
8219 0.287474
8220 0.288543
8221 0.287882
8222 0.287191
8223 0.286447
8224 0.285674
8225 0.284871
8226 0.283219
8227 0.281528
8228 0.279798
8229 0.278028
8230 0.276219
8231 0.279269
8232 0.282336
8233 0.285419
8234 0.288519
8235 0.291635
8236 0.296703
8237 0.301808
8238 0.306951
8239 0.312154
8240 0.317396
8241 0.320481
8242 0.323581
8243 0.326696
8244 0.329825
8245 0.332969
8246 0.335072
8247 0.337179
8248 0.33929
8249 0.341404
8250 0.343522
8251 0.344938
8252 0.346352
8253 0.347761
8254 0.349167
8255 0.350593
8256 0.352016
8257 0.353411
8258 0.354803
8259 0.356192
8260 0.357576
8261 0.360213
8262 0.362858
8263 0.365512
8264 0.368174
8265 0.370845
8266 0.372902
8267 0.374963
8268 0.377025
8269 0.379091
8270 0.381159
8271 0.381006
8272 0.380836
8273 0.380624
8274 0.380394
8275 0.380147
8276 0.380697
8277 0.381236
8278 0.381765
8279 0.382283
8280 0.382791
8281 0.385265
8282 0.387746
8283 0.390234
8284 0.392729
8285 0.39523
8286 0.396973
8287 0.398511
8288 0.400048
8289 0.400945
8290 0.401842
8291 0.402978
8292 0.404115
8293 0.405276
8294 0.406438
8295 0.407579
8296 0.409243
8297 0.410934
8298 0.412628
8299 0.414302
8300 0.415979
8301 0.417073
8302 0.418168
8303 0.419263
8304 0.42036
8305 0.421434
8306 0.423132
8307 0.424857
8308 0.426586
8309 0.428295
8310 0.430007
8311 0.430769
8312 0.431531
8313 0.432268
8314 0.433005
8315 0.433765
8316 0.433526
8317 0.433258
8318 0.432987
8319 0.432734
8320 0.432477
8321 0.434059
8322 0.435644
8323 0.436557
8324 0.43747
8325 0.438175
8326 0.439155
8327 0.440135
8328 0.441114
8329 0.442094
8330 0.443073
8331 0.442889
8332 0.442704
8333 0.442519
8334 0.442334
8335 0.442149
8336 0.44224
8337 0.442332
8338 0.442424
8339 0.442516
8340 0.442608
8341 0.443307
8342 0.444005
8343 0.444703
8344 0.4454
8345 0.446096
8346 0.446332
8347 0.446567
8348 0.446801
8349 0.447034
8350 0.447266
8351 0.447051
8352 0.446835
8353 0.446618
8354 0.4464
8355 0.446181
8356 0.446145
8357 0.446109
8358 0.446071
8359 0.446033
8360 0.445995
8361 0.446122
8362 0.446249
8363 0.446376
8364 0.446504
8365 0.446631
8366 0.446759
8367 0.446887
8368 0.447016
8369 0.447144
8370 0.447272
8371 0.447344
8372 0.447417
8373 0.447489
8374 0.447561
8375 0.447633
8376 0.447613
8377 0.447592
8378 0.447571
8379 0.44755
8380 0.447529
8381 0.447634
8382 0.447738
8383 0.447842
8384 0.447946
8385 0.448049
8386 0.448061
8387 0.448072
8388 0.448083
8389 0.448093
8390 0.448103
8391 0.448065
8392 0.448028
8393 0.44799
8394 0.447952
8395 0.447915
8396 0.44797
8397 0.448025
8398 0.44808
8399 0.448136
8400 0.448192
8401 0.448046
8402 0.4479
8403 0.447755
8404 0.447609
8405 0.447465
8406 0.44732
8407 0.447176
8408 0.447032
8409 0.446888
8410 0.446744
8411 0.446787
8412 0.446829
8413 0.446871
8414 0.446914
8415 0.446956
8416 0.446998
8417 0.44704
8418 0.447082
8419 0.447124
8420 0.447165
8421 0.447259
8422 0.447353
8423 0.447447
8424 0.447541
8425 0.447635
8426 0.447637
8427 0.44764
8428 0.447643
8429 0.447645
8430 0.447648
8431 0.447522
8432 0.447397
8433 0.447271
8434 0.447145
8435 0.44702
8436 0.447076
8437 0.44713
8438 0.447185
8439 0.447239
8440 0.447294
8441 0.44723
8442 0.447167
8443 0.447104
8444 0.447043
8445 0.446984
8446 0.447017
8447 0.447051
8448 0.447088
8449 0.447127
8450 0.447167
8451 0.447203
8452 0.447242
8453 0.447282
8454 0.447324
8455 0.447368
8456 0.447322
8457 0.447278
8458 0.447235
8459 0.447194
8460 0.447153
8461 0.447045
8462 0.446938
8463 0.44683
8464 0.446723
8465 0.446614
8466 0.446687
8467 0.446759
8468 0.446831
8469 0.446903
8470 0.446975
8471 0.446973
8472 0.446971
8473 0.446968
8474 0.446966
8475 0.446964
8476 0.446871
8477 0.446778
8478 0.446684
8479 0.446591
8480 0.446498
8481 0.446496
8482 0.446493
8483 0.446491
8484 0.446488
8485 0.446486
8486 0.446484
8487 0.446484
8488 0.446484
8489 0.446483
8490 0.446483
8491 0.446429
8492 0.446375
8493 0.44632
8494 0.446263
8495 0.446205
8496 0.446145
8497 0.446084
8498 0.446021
8499 0.445955
8500 0.445888
8501 0.445914
8502 0.445937
8503 0.445959
8504 0.445979
8505 0.445997
8506 0.446013
8507 0.446028
8508 0.446042
8509 0.446054
8510 0.446066
8511 0.445978
8512 0.445889
8513 0.445801
8514 0.445713
8515 0.445626
8516 0.445721
8517 0.445816
8518 0.445912
8519 0.446007
8520 0.446102
8521 0.446124
8522 0.446146
8523 0.446168
8524 0.44619
8525 0.446212
8526 0.446324
8527 0.446437
8528 0.44655
8529 0.446662
8530 0.446775
8531 0.446741
8532 0.446706
8533 0.446671
8534 0.446637
8535 0.446602
8536 0.446476
8537 0.446349
8538 0.446221
8539 0.446094
8540 0.445967
8541 0.445977
8542 0.445989
8543 0.446001
8544 0.446015
8545 0.44603
8546 0.446138
8547 0.446247
8548 0.446358
8549 0.446471
8550 0.446586
8551 0.446646
8552 0.446707
8553 0.44677
8554 0.446835
8555 0.446902
8556 0.44697
8557 0.44704
8558 0.447111
8559 0.447184
8560 0.447257
8561 0.447218
8562 0.44718
8563 0.447142
8564 0.447104
8565 0.447065
8566 0.447025
8567 0.446984
8568 0.446944
8569 0.446904
8570 0.446864
8571 0.446874
8572 0.446885
8573 0.446896
8574 0.446906
8575 0.446917
8576 0.447019
8577 0.44712
8578 0.447222
8579 0.447323
8580 0.447425
8581 0.447429
8582 0.447433
8583 0.447437
8584 0.447442
8585 0.447446
8586 0.447451
8587 0.447457
8588 0.447463
8589 0.44747
8590 0.447476
8591 0.447508
8592 0.447539
8593 0.447569
8594 0.447598
8595 0.447625
8596 0.447651
8597 0.447675
8598 0.447697
8599 0.447717
8600 0.447735
8601 0.447706
8602 0.447676
8603 0.447643
8604 0.447608
8605 0.447571
8606 0.447533
8607 0.447494
8608 0.447453
8609 0.447411
8610 0.447368
8611 0.447351
8612 0.447335
8613 0.447318
8614 0.447301
8615 0.447285
8616 0.44727
8617 0.447255
8618 0.447241
8619 0.447226
8620 0.447211
8621 0.447278
8622 0.447344
8623 0.447411
8624 0.447478
8625 0.447545
8626 0.447521
8627 0.447496
8628 0.447472
8629 0.447448
8630 0.447424
8631 0.447434
8632 0.447444
8633 0.447455
8634 0.447465
8635 0.447475
8636 0.447484
8637 0.447492
8638 0.4475
8639 0.447508
8640 0.447516
8641 0.447505
8642 0.447494
8643 0.447485
8644 0.447477
8645 0.44747
8646 0.447465
8647 0.447462
8648 0.447461
8649 0.447461
8650 0.447464
8651 0.447442
8652 0.447421
8653 0.447403
8654 0.447386
8655 0.447371
8656 0.447358
8657 0.447346
8658 0.447336
8659 0.447326
8660 0.447318
8661 0.447324
8662 0.447331
8663 0.447339
8664 0.447345
8665 0.447351
8666 0.447356
8667 0.447361
8668 0.447366
8669 0.447371
8670 0.447375
8671 0.447337
8672 0.447299
8673 0.44726
8674 0.447222
8675 0.447183
8676 0.447145
8677 0.447106
8678 0.447068
8679 0.447029
8680 0.446991
8681 0.447002
8682 0.447014
8683 0.447025
8684 0.447037
8685 0.447048
8686 0.447062
8687 0.447077
8688 0.447093
8689 0.447109
8690 0.447124
8691 0.447082
8692 0.447037
8693 0.446991
8694 0.446942
8695 0.44689
8696 0.446926
8697 0.446958
8698 0.446987
8699 0.447012
8700 0.447032
8701 0.446986
8702 0.446935
8703 0.44688
8704 0.446821
8705 0.446758
8706 0.446692
8707 0.446623
8708 0.446551
8709 0.446476
8710 0.4464
8711 0.446301
8712 0.446201
8713 0.446101
8714 0.446001
8715 0.445902
8716 0.445806
8717 0.445709
8718 0.445611
8719 0.445514
8720 0.445417
8721 0.445381
8722 0.445345
8723 0.445309
8724 0.445273
8725 0.445237
8726 0.445201
8727 0.445165
8728 0.44513
8729 0.445094
8730 0.445058
8731 0.444973
8732 0.444887
8733 0.444802
8734 0.444716
8735 0.444631
8736 0.444543
8737 0.444455
8738 0.444366
8739 0.444277
8740 0.444188
8741 0.444142
8742 0.444098
8743 0.444056
8744 0.444015
8745 0.443977
8746 0.443942
8747 0.44391
8748 0.44388
8749 0.443854
8750 0.443831
8751 0.443729
8752 0.443631
8753 0.443536
8754 0.443443
8755 0.443354
8756 0.443267
8757 0.443183
8758 0.443101
8759 0.443021
8760 0.442942
8761 0.442919
8762 0.442896
8763 0.442874
8764 0.442851
8765 0.442827
8766 0.442801
8767 0.442774
8768 0.442748
8769 0.442722
8770 0.442696
8771 0.442613
8772 0.442529
8773 0.442446
8774 0.442362
8775 0.442279
8776 0.442195
8777 0.442112
8778 0.442029
8779 0.441945
8780 0.441862
8781 0.441769
8782 0.441676
8783 0.441584
8784 0.441491
8785 0.441398
8786 0.441304
8787 0.44121
8788 0.441114
8789 0.441019
8790 0.440924
8791 0.440933
8792 0.440943
8793 0.440953
8794 0.440965
8795 0.440979
8796 0.440995
8797 0.441013
8798 0.441032
8799 0.441054
8800 0.441078
8801 0.441027
8802 0.440977
8803 0.44093
8804 0.440885
8805 0.440842
8806 0.440801
8807 0.440762
8808 0.440724
8809 0.440687
8810 0.440652
8811 0.440704
8812 0.440757
8813 0.44081
8814 0.440862
8815 0.440913
8816 0.440873
8817 0.440833
8818 0.440792
8819 0.44075
8820 0.440709
8821 0.440704
8822 0.440699
8823 0.440694
8824 0.440688
8825 0.440683
8826 0.440588
8827 0.440493
8828 0.440398
8829 0.440304
8830 0.440209
8831 0.440209
8832 0.440208
8833 0.440208
8834 0.440208
8835 0.440209
8836 0.440209
8837 0.44021
8838 0.44021
8839 0.440211
8840 0.440212
8841 0.440194
8842 0.440176
8843 0.440158
8844 0.44014
8845 0.440123
8846 0.440107
8847 0.44009
8848 0.440074
8849 0.440059
8850 0.440044
8851 0.43986
8852 0.439677
8853 0.439494
8854 0.439312
8855 0.439131
8856 0.438951
8857 0.438772
8858 0.438593
8859 0.438415
8860 0.438238
8861 0.438219
8862 0.4382
8863 0.438182
8864 0.438164
8865 0.438146
8866 0.438216
8867 0.438287
8868 0.438358
8869 0.438429
8870 0.4385
8871 0.438493
8872 0.438487
8873 0.43848
8874 0.438474
8875 0.438468
8876 0.438373
8877 0.438279
8878 0.438185
8879 0.438091
8880 0.437998
8881 0.438021
8882 0.438044
8883 0.438067
8884 0.43809
8885 0.438112
8886 0.438316
8887 0.438523
8888 0.43873
8889 0.438937
8890 0.439143
8891 0.438974
8892 0.438802
8893 0.438625
8894 0.438443
8895 0.438254
8896 0.438148
8897 0.438034
8898 0.437912
8899 0.437783
8900 0.437647
8901 0.437404
8902 0.437155
8903 0.436899
8904 0.436636
8905 0.436368
8906 0.436272
8907 0.436172
8908 0.436067
8909 0.435959
8910 0.435849
8911 0.435684
8912 0.435519
8913 0.435354
8914 0.435191
8915 0.43503
8916 0.434874
8917 0.434717
8918 0.434559
8919 0.434402
8920 0.434244
8921 0.43392
8922 0.433596
8923 0.433272
8924 0.432947
8925 0.432622
8926 0.431944
8927 0.431266
8928 0.430589
8929 0.429911
8930 0.429235
8931 0.428809
8932 0.428384
8933 0.427959
8934 0.427535
8935 0.427112
8936 0.427035
8937 0.426955
8938 0.426874
8939 0.426792
8940 0.426712
8941 0.426025
8942 0.425343
8943 0.424666
8944 0.423996
8945 0.423332
8946 0.422153
8947 0.420982
8948 0.419821
8949 0.418669
8950 0.417527
8951 0.416016
8952 0.414516
8953 0.413024
8954 0.411541
8955 0.410066
8956 0.409035
8957 0.408009
8958 0.40699
8959 0.405974
8960 0.404963
8961 0.403561
8962 0.40216
8963 0.400759
8964 0.399356
8965 0.39795
8966 0.397411
8967 0.396871
8968 0.396332
8969 0.395794
8970 0.395255
8971 0.396163
8972 0.397071
8973 0.397979
8974 0.398888
8975 0.399797
8976 0.400358
8977 0.400919
8978 0.401481
8979 0.402043
8980 0.402604
8981 0.399253
8982 0.395902
8983 0.392552
8984 0.389203
8985 0.385854
8986 0.381379
8987 0.376907
8988 0.372437
8989 0.367968
8990 0.363499
8991 0.365518
8992 0.367534
8993 0.369545
8994 0.371553
8995 0.373554
8996 0.376419
8997 0.379278
8998 0.382129
8999 0.384972
9000 0.387808
9001 0.386717
9002 0.385619
9003 0.384515
9004 0.383404
9005 0.382288
9006 0.382467
9007 0.382641
9008 0.382809
9009 0.382973
9010 0.383134
9011 0.383916
9012 0.384696
9013 0.385476
9014 0.386255
9015 0.387037
9016 0.386698
9017 0.38636
9018 0.386021
9019 0.385682
9020 0.385343
9021 0.384714
9022 0.384085
9023 0.383457
9024 0.382829
9025 0.382201
9026 0.383209
9027 0.384217
9028 0.385225
9029 0.386232
9030 0.387239
9031 0.39007
9032 0.392898
9033 0.395723
9034 0.398546
9035 0.401367
9036 0.403155
9037 0.40494
9038 0.406723
9039 0.408503
9040 0.410282
9041 0.409799
9042 0.409317
9043 0.408835
9044 0.408355
9045 0.407876
9046 0.407313
9047 0.406752
9048 0.406192
9049 0.405636
9050 0.405081
9051 0.405017
9052 0.404955
9053 0.404896
9054 0.404838
9055 0.404783
9056 0.404304
9057 0.403827
9058 0.403351
9059 0.402877
9060 0.402403
9061 0.400282
9062 0.398162
9063 0.396042
9064 0.393923
9065 0.391804
9066 0.389514
9067 0.387224
9068 0.384936
9069 0.382648
9070 0.380362
9071 0.379479
9072 0.378596
9073 0.377714
9074 0.376833
9075 0.375952
9076 0.37558
9077 0.375209
9078 0.374837
9079 0.374466
9080 0.374095
9081 0.374262
9082 0.374428
9083 0.374594
9084 0.37476
9085 0.374926
9086 0.374922
9087 0.374917
9088 0.374912
9089 0.374907
9090 0.374902
9091 0.37525
9092 0.375598
9093 0.375386
9094 0.375173
9095 0.374758
9096 0.374175
9097 0.373612
9098 0.373048
9099 0.372465
9100 0.371881
9101 0.370421
9102 0.368965
9103 0.367493
9104 0.366025
9105 0.364561
9106 0.364732
9107 0.364919
9108 0.365101
9109 0.36526
9110 0.365414
9111 0.365005
9112 0.364594
9113 0.36416
9114 0.363725
9115 0.363308
9116 0.361536
9117 0.359749
9118 0.357967
9119 0.35621
9120 0.354458
9121 0.354578
9122 0.354693
9123 0.354804
9124 0.35491
9125 0.355032
9126 0.352202
9127 0.349182
9128 0.346174
9129 0.342627
9130 0.339098
9131 0.335403
9132 0.331728
9133 0.328073
9134 0.324439
9135 0.320807
9136 0.321056
9137 0.321309
9138 0.321546
9139 0.321767
9140 0.321971
9141 0.32288
9142 0.323764
9143 0.324623
9144 0.325458
9145 0.326268
9146 0.323874
9147 0.321488
9148 0.31911
9149 0.31674
9150 0.314378
9151 0.30937
9152 0.304399
9153 0.299482
9154 0.2946
9155 0.289753
9156 0.289165
9157 0.288568
9158 0.287961
9159 0.287346
9160 0.286721
9161 0.288425
9162 0.290094
9163 0.29173
9164 0.293331
9165 0.294899
9166 0.29345
9167 0.292
9168 0.29055
9169 0.289078
9170 0.287606
9171 0.28392
9172 0.280258
9173 0.276621
9174 0.273008
9175 0.269421
9176 0.267056
9177 0.264701
9178 0.262357
9179 0.260023
9180 0.2577
9181 0.257699
9182 0.257681
9183 0.257645
9184 0.257591
9185 0.2575
9186 0.257448
9187 0.257398
9188 0.257329
9189 0.257243
9190 0.257138
9191 0.256032
9192 0.254921
9193 0.253805
9194 0.252683
9195 0.251556
9196 0.25
9197 0.248444
9198 0.246888
9199 0.245331
9200 0.243774
9201 0.242838
9202 0.241894
9203 0.240961
9204 0.240019
9205 0.239069
9206 0.237366
9207 0.235665
9208 0.233967
9209 0.23227
9210 0.230574
9211 0.228325
9212 0.226086
9213 0.223857
9214 0.221639
9215 0.219431
9216 0.217741
9217 0.216053
9218 0.214368
9219 0.212665
9220 0.210964
9221 0.20981
9222 0.20865
9223 0.207485
9224 0.206313
9225 0.205136
9226 0.203442
9227 0.20175
9228 0.200061
9229 0.198374
9230 0.19669
9231 0.194913
9232 0.193139
9233 0.19137
9234 0.189605
9235 0.187824
9236 0.185971
9237 0.184143
9238 0.182321
9239 0.180505
9240 0.178694
9241 0.176918
9242 0.175146
9243 0.173378
9244 0.171615
9245 0.169855
9246 0.168243
9247 0.166631
9248 0.165021
9249 0.163413
9250 0.161805
9251 0.160412
9252 0.159016
9253 0.157637
9254 0.156254
9255 0.154867
9256 0.153413
9257 0.151957
9258 0.1505
9259 0.149041
9260 0.147581
9261 0.146089
9262 0.144597
9263 0.143105
9264 0.141613
9265 0.140123
9266 0.13872
9267 0.137316
9268 0.13591
9269 0.134482
9270 0.133053
9271 0.130794
9272 0.128554
9273 0.126332
9274 0.124129
9275 0.121944
9276 0.119519
9277 0.117119
9278 0.114744
9279 0.112393
9280 0.110068
9281 0.108462
9282 0.106863
9283 0.10527
9284 0.103683
9285 0.102084
9286 0.100379
9287 0.0987008
9288 0.0970325
9289 0.0953734
9290 0.0937233
9291 0.0918973
9292 0.0900856
9293 0.0882881
9294 0.0865046
9295 0.0847351
9296 0.0826298
9297 0.08055
9298 0.0784955
9299 0.0764663
9300 0.0744625
9301 0.0725446
9302 0.0706494
9303 0.0687932
9304 0.0669596
9305 0.0651485
9306 0.0633764
9307 0.0616264
9308 0.0598985
9309 0.0581928
9310 0.0565093
9311 0.0547809
9312 0.0530779
9313 0.0514003
9314 0.0497483
9315 0.0481217
9316 0.0460874
9317 0.0440988
9318 0.0421558
9319 0.0402451
9320 0.0383803
9321 0.0370845
9322 0.0358066
9323 0.0345465
9324 0.0333042
9325 0.0320797
9326 0.0311943
9327 0.0303071
9328 0.0294181
9329 0.0285272
9330 0.0276345
9331 0.0265254
9332 0.0254297
9333 0.0243474
9334 0.0232783
9335 0.0224355
9336 0.0212302
9337 0.0202838
9338 0.0193597
9339 0.0184472
9340 0.0175576
9341 0.0169884
9342 0.0164278
9343 0.0158659
9344 0.0153129
9345 0.0147687
9346 0.0148423
9347 0.0149023
9348 0.0149389
9349 0.0149411
9350 0.0149195
9351 0.014612
9352 0.0142979
9353 0.0139655
9354 0.0136265
9355 0.0132924
9356 0.0127436
9357 0.012191
9358 0.0116464
9359 0.0111212
9360 0.0106037
9361 0.0102037
9362 0.00980121
9363 0.00939626
9364 0.00898884
9365 0.00859039
9366 0.00811647
9367 0.00763658
9368 0.00716216
9369 0.00670433
9370 0.00625181
9371 0.00588652
9372 0.00551304
9373 0.0051428
9374 0.00476463
9375 0.00436694
9376 0.00393705
9377 0.00350456
9378 0.00306947
9379 0.00264356
9380 0.00221515
9381 0.00177378
9382 0.00132917
9383 0.000893246
9384 0.000454184
9385 0.000227893
