3864 4.99572e-14
3865 0.000254262
3866 0.000509039
3867 0.0010057
3868 0.00150336
3869 0.00201547
3870 0.00252861
3871 0.00303006
3872 0.00353276
3873 0.00405021
3874 0.00456896
3875 0.00508899
3876 0.00560871
3877 0.00611587
3878 0.00662401
3879 0.0071467
3880 0.00767039
3881 0.00818144
3882 0.00869346
3883 0.0092201
3884 0.00974774
3885 0.0102627
3886 0.0107817
3887 0.0113157
3888 0.011851
3889 0.0123738
3890 0.0128979
3891 0.0134325
3892 0.013968
3893 0.0145045
3894 0.015042
3895 0.0155666
3896 0.0160922
3897 0.0166326
3898 0.017174
3899 0.0177025
3900 0.018232
3901 0.0187826
3902 0.0193345
3903 0.0198739
3904 0.0204147
3905 0.0209708
3906 0.0215222
3907 0.0220747
3908 0.0226283
3909 0.023169
3910 0.0237108
3911 0.0242657
3912 0.0248217
3913 0.0253645
3914 0.0259084
3915 0.026735
3916 0.0275631
3917 0.0286468
3918 0.0297325
3919 0.0308201
3920 0.0319096
3921 0.0330109
3922 0.0341148
3923 0.0352213
3924 0.0363303
3925 0.0374418
3926 0.0385451
3927 0.0396504
3928 0.0407576
3929 0.0418667
3930 0.0429778
3931 0.0441063
3932 0.0452369
3933 0.0463551
3934 0.0474754
3935 0.0485976
3936 0.0497358
3937 0.0508765
3938 0.0520198
3939 0.0531658
3940 0.0543144
3941 0.0554495
3942 0.0565865
3943 0.0577257
3944 0.058867
3945 0.0600104
3946 0.0611559
3947 0.0623036
3948 0.0634534
3949 0.06462
3950 0.0657888
3951 0.0669409
3952 0.0680951
3953 0.0692515
3954 0.07041
3955 0.0715707
3956 0.0727337
3957 0.073899
3958 0.0750665
3959 0.0762362
3960 0.077408
3961 0.0786046
3962 0.0798039
3963 0.0810059
3964 0.0822104
3965 0.0834321
3966 0.0846331
3967 0.0858211
3968 0.087011
3969 0.0882027
3970 0.0893961
3971 0.0905933
3972 0.0917922
3973 0.0929927
3974 0.0941947
3975 0.0953983
3976 0.0966034
3977 0.0978101
3978 0.0990183
3979 0.100228
3980 0.101439
3981 0.102664
3982 0.10389
3983 0.105102
3984 0.106317
3985 0.107533
3986 0.108781
3987 0.110031
3988 0.111284
3989 0.112539
3990 0.113796
3991 0.115024
3992 0.116254
3993 0.117485
3994 0.118718
3995 0.119954
3996 0.121191
3997 0.12243
3998 0.123672
3999 0.12493
4000 0.12619
4001 0.12743
4002 0.128672
4003 0.129916
4004 0.131162
4005 0.132409
4006 0.133658
4007 0.134909
4008 0.136161
4009 0.137416
4010 0.138672
4011 0.139965
4012 0.14126
4013 0.142558
4014 0.143858
4015 0.145176
4016 0.146457
4017 0.147724
4018 0.148993
4019 0.150263
4020 0.151535
4021 0.152816
4022 0.154098
4023 0.155383
4024 0.156669
4025 0.157958
4026 0.159248
4027 0.16054
4028 0.161833
4029 0.163129
4030 0.164427
4031 0.165746
4032 0.167067
4033 0.168375
4034 0.169684
4035 0.170995
4036 0.172309
4037 0.173624
4038 0.174941
4039 0.17626
4040 0.177581
4041 0.178884
4042 0.180188
4043 0.181494
4044 0.182801
4045 0.18411
4046 0.185471
4047 0.186834
4048 0.188199
4049 0.189583
4050 0.190969
4051 0.192298
4052 0.193628
4053 0.194961
4054 0.196295
4055 0.197631
4056 0.198969
4057 0.200308
4058 0.20165
4059 0.202993
4060 0.204338
4061 0.205689
4062 0.207043
4063 0.208398
4064 0.209755
4065 0.21113
4066 0.212507
4067 0.21387
4068 0.215234
4069 0.216601
4070 0.217969
4071 0.219329
4072 0.220691
4073 0.222054
4074 0.223419
4075 0.224786
4076 0.226155
4077 0.227525
4078 0.228897
4079 0.230271
4080 0.231647
4081 0.233046
4082 0.234447
4083 0.235834
4084 0.237223
4085 0.238613
4086 0.240005
4087 0.2414
4088 0.242795
4089 0.244193
4090 0.245593
4091 0.246983
4092 0.248376
4093 0.24977
4094 0.251166
4095 0.252563
4096 0.253963
4097 0.255364
4098 0.256766
4099 0.258187
4100 0.25961
4101 0.261015
4102 0.262422
4103 0.263831
4104 0.265241
4105 0.266653
4106 0.268138
4107 0.269626
4108 0.271115
4109 0.272608
4110 0.274102
4111 0.275534
4112 0.276967
4113 0.278402
4114 0.279839
4115 0.281294
4116 0.282751
4117 0.284193
4118 0.285637
4119 0.287083
4120 0.28853
4121 0.289966
4122 0.291403
4123 0.292373
4124 0.293344
4125 0.294149
4126 0.294954
4127 0.295778
4128 0.296602
4129 0.297427
4130 0.298253
4131 0.299076
4132 0.299901
4133 0.300743
4134 0.301586
4135 0.302414
4136 0.303242
4137 0.304088
4138 0.304935
4139 0.305766
4140 0.306598
4141 0.307432
4142 0.308267
4143 0.309086
4144 0.309906
4145 0.310744
4146 0.311582
4147 0.312421
4148 0.313262
4149 0.314086
4150 0.314911
4151 0.315743
4152 0.316576
4153 0.317392
4154 0.31821
4155 0.319045
4156 0.319882
4157 0.320548
4158 0.321214
4159 0.321403
4160 0.321591
4161 0.321805
4162 0.32202
4163 0.322234
4164 0.322449
4165 0.322663
4166 0.322878
4167 0.323093
4168 0.323308
4169 0.323523
4170 0.323739
4171 0.323919
4172 0.3241
4173 0.324281
4174 0.324462
4175 0.324643
4176 0.324824
4177 0.325005
4178 0.325186
4179 0.325367
4180 0.325549
4181 0.325752
4182 0.325956
4183 0.32616
4184 0.326364
4185 0.326568
4186 0.326772
4187 0.326976
4188 0.32718
4189 0.327384
4190 0.327589
4191 0.327786
4192 0.327983
4193 0.328181
4194 0.328378
4195 0.328576
4196 0.328774
4197 0.328971
4198 0.329169
4199 0.329367
4200 0.329565
4201 0.329751
4202 0.329936
4203 0.330122
4204 0.330308
4205 0.330494
4206 0.33068
4207 0.330866
4208 0.331052
4209 0.331238
4210 0.331424
4211 0.331608
4212 0.331792
4213 0.331976
4214 0.33216
4215 0.332344
4216 0.332529
4217 0.332713
4218 0.332897
4219 0.333082
4220 0.333266
4221 0.33345
4222 0.333635
4223 0.333819
4224 0.334003
4225 0.334188
4226 0.334373
4227 0.334557
4228 0.334742
4229 0.334927
4230 0.335112
4231 0.335214
4232 0.335316
4233 0.335418
4234 0.33552
4235 0.335623
4236 0.335811
4237 0.336
4238 0.336188
4239 0.336377
4240 0.336566
4241 0.336753
4242 0.33694
4243 0.337128
4244 0.337316
4245 0.337503
4246 0.337691
4247 0.337879
4248 0.338067
4249 0.338255
4250 0.338443
4251 0.338643
4252 0.338843
4253 0.339043
4254 0.339243
4255 0.339443
4256 0.339644
4257 0.339844
4258 0.340045
4259 0.340245
4260 0.340446
4261 0.340626
4262 0.340806
4263 0.340986
4264 0.341166
4265 0.341346
4266 0.341526
4267 0.341706
4268 0.341886
4269 0.342067
4270 0.342247
4271 0.342406
4272 0.342565
4273 0.342724
4274 0.342884
4275 0.343043
4276 0.343115
4277 0.343187
4278 0.343259
4279 0.343331
4280 0.343403
4281 0.34367
4282 0.343936
4283 0.344203
4284 0.34447
4285 0.344737
4286 0.344916
4287 0.345096
4288 0.345276
4289 0.345456
4290 0.345635
4291 0.345832
4292 0.346029
4293 0.346226
4294 0.346423
4295 0.34662
4296 0.34673
4297 0.34684
4298 0.346949
4299 0.347059
4300 0.347168
4301 0.347338
4302 0.347508
4303 0.347677
4304 0.347847
4305 0.348017
4306 0.348187
4307 0.348357
4308 0.348527
4309 0.348697
4310 0.348867
4311 0.349037
4312 0.349207
4313 0.349377
4314 0.349547
4315 0.349717
4316 0.349887
4317 0.350057
4318 0.350227
4319 0.350398
4320 0.350568
4321 0.350758
4322 0.350949
4323 0.351139
4324 0.35133
4325 0.35152
4326 0.351623
4327 0.351725
4328 0.351827
4329 0.35193
4330 0.352032
4331 0.352191
4332 0.352349
4333 0.352508
4334 0.352667
4335 0.352826
4336 0.352985
4337 0.353145
4338 0.353304
4339 0.353464
4340 0.353624
4341 0.353702
4342 0.35378
4343 0.353858
4344 0.353935
4345 0.354012
4346 0.354177
4347 0.354341
4348 0.354504
4349 0.354667
4350 0.354829
4351 0.354986
4352 0.355143
4353 0.355298
4354 0.355454
4355 0.355608
4356 0.355762
4357 0.355916
4358 0.35607
4359 0.356223
4360 0.356376
4361 0.356531
4362 0.356686
4363 0.356841
4364 0.356996
4365 0.35715
4366 0.357305
4367 0.357458
4368 0.357612
4369 0.357764
4370 0.357917
4371 0.358056
4372 0.358195
4373 0.358333
4374 0.358472
4375 0.35861
4376 0.358749
4377 0.358887
4378 0.359026
4379 0.359165
4380 0.359305
4381 0.359354
4382 0.359403
4383 0.359453
4384 0.359504
4385 0.359555
4386 0.359696
4387 0.359837
4388 0.359978
4389 0.36012
4390 0.360262
4391 0.360313
4392 0.360364
4393 0.360416
4394 0.360468
4395 0.36052
4396 0.360663
4397 0.360806
4398 0.36095
4399 0.361095
4400 0.36124
4401 0.361398
4402 0.361556
4403 0.361715
4404 0.361875
4405 0.362035
4406 0.362197
4407 0.362359
4408 0.362521
4409 0.362684
4410 0.362848
4411 0.363006
4412 0.363164
4413 0.363322
4414 0.36348
4415 0.363637
4416 0.363795
4417 0.363952
4418 0.36411
4419 0.364267
4420 0.364425
4421 0.364568
4422 0.364711
4423 0.364855
4424 0.364998
4425 0.365142
4426 0.365195
4427 0.365249
4428 0.365302
4429 0.365356
4430 0.36541
4431 0.365549
4432 0.365689
4433 0.365829
4434 0.365969
4435 0.366109
4436 0.366248
4437 0.366388
4438 0.366528
4439 0.366668
4440 0.366808
4441 0.366846
4442 0.366885
4443 0.366923
4444 0.366961
4445 0.366999
4446 0.367037
4447 0.367075
4448 0.367113
4449 0.367152
4450 0.36719
4451 0.367351
4452 0.367512
4453 0.367674
4454 0.367835
4455 0.367996
4456 0.368158
4457 0.368319
4458 0.368481
4459 0.368642
4460 0.368804
4461 0.369033
4462 0.369263
4463 0.369492
4464 0.369722
4465 0.369952
4466 0.37
4467 0.370049
4468 0.370098
4469 0.370147
4470 0.370196
4471 0.370334
4472 0.370473
4473 0.370612
4474 0.370751
4475 0.37089
4476 0.370938
4477 0.370987
4478 0.371035
4479 0.371083
4480 0.371132
4481 0.371281
4482 0.37143
4483 0.37158
4484 0.371729
4485 0.371879
4486 0.372029
4487 0.372179
4488 0.37233
4489 0.372481
4490 0.372631
4491 0.372754
4492 0.372876
4493 0.372998
4494 0.373119
4495 0.373239
4496 0.373359
4497 0.373479
4498 0.373597
4499 0.373715
4500 0.373832
4501 0.373867
4502 0.373901
4503 0.373934
4504 0.373966
4505 0.373998
4506 0.37412
4507 0.374241
4508 0.374362
4509 0.374483
4510 0.374603
4511 0.374711
4512 0.374819
4513 0.374927
4514 0.375035
4515 0.375143
4516 0.37516
4517 0.375177
4518 0.375194
4519 0.37521
4520 0.375226
4521 0.37535
4522 0.375473
4523 0.375596
4524 0.375719
4525 0.375842
4526 0.375964
4527 0.376086
4528 0.376208
4529 0.37633
4530 0.376451
4531 0.376491
4532 0.37653
4533 0.37657
4534 0.37661
4535 0.37665
4536 0.376781
4537 0.376913
4538 0.377044
4539 0.377175
4540 0.377307
4541 0.377416
4542 0.377526
4543 0.377636
4544 0.377748
4545 0.37786
4546 0.377973
4547 0.378087
4548 0.378201
4549 0.378317
4550 0.378434
4551 0.378458
4552 0.378484
4553 0.37851
4554 0.378536
4555 0.378563
4556 0.378683
4557 0.378802
4558 0.378923
4559 0.379043
4560 0.379164
4561 0.379186
4562 0.379209
4563 0.379231
4564 0.379253
4565 0.379275
4566 0.379388
4567 0.3795
4568 0.379613
4569 0.379725
4570 0.379838
4571 0.379975
4572 0.380112
4573 0.380249
4574 0.380387
4575 0.380524
4576 0.380569
4577 0.380615
4578 0.380661
4579 0.380707
4580 0.380753
4581 0.380778
4582 0.380802
4583 0.380827
4584 0.380852
4585 0.380877
4586 0.380993
4587 0.38111
4588 0.381227
4589 0.381344
4590 0.381461
4591 0.38159
4592 0.38172
4593 0.381849
4594 0.381978
4595 0.382107
4596 0.382143
4597 0.38218
4598 0.382215
4599 0.382251
4600 0.382285
4601 0.382405
4602 0.382524
4603 0.382642
4604 0.38276
4605 0.382877
4606 0.382901
4607 0.382925
4608 0.382949
4609 0.382972
4610 0.382994
4611 0.383088
4612 0.38318
4613 0.383272
4614 0.383364
4615 0.383456
4616 0.383456
4617 0.383455
4618 0.383453
4619 0.383452
4620 0.383449
4621 0.38356
4622 0.383671
4623 0.383781
4624 0.383892
4625 0.384002
4626 0.384113
4627 0.384224
4628 0.384335
4629 0.384446
4630 0.384557
4631 0.384576
4632 0.384594
4633 0.384612
4634 0.38463
4635 0.384649
4636 0.384759
4637 0.384868
4638 0.384977
4639 0.385086
4640 0.385195
4641 0.385195
4642 0.385194
4643 0.385194
4644 0.385195
4645 0.385195
4646 0.385289
4647 0.385382
4648 0.385477
4649 0.385573
4650 0.38567
4651 0.385777
4652 0.385886
4653 0.385995
4654 0.386106
4655 0.386218
4656 0.386331
4657 0.386445
4658 0.38656
4659 0.386675
4660 0.386791
4661 0.386922
4662 0.387054
4663 0.387186
4664 0.387317
4665 0.387449
4666 0.387487
4667 0.387526
4668 0.387565
4669 0.387604
4670 0.387643
4671 0.387752
4672 0.387861
4673 0.387971
4674 0.38808
4675 0.388189
4676 0.388207
4677 0.388224
4678 0.388241
4679 0.388259
4680 0.388276
4681 0.388386
4682 0.388496
4683 0.388606
4684 0.388715
4685 0.388825
4686 0.388843
4687 0.388861
4688 0.388879
4689 0.388897
4690 0.388915
4691 0.389019
4692 0.389124
4693 0.389228
4694 0.389332
4695 0.389437
4696 0.389449
4697 0.389462
4698 0.389474
4699 0.389487
4700 0.389499
4701 0.389597
4702 0.389695
4703 0.389793
4704 0.389891
4705 0.389989
4706 0.390087
4707 0.390185
4708 0.390283
4709 0.390381
4710 0.390479
4711 0.390511
4712 0.390544
4713 0.390577
4714 0.390609
4715 0.390642
4716 0.390767
4717 0.390891
4718 0.391016
4719 0.391141
4720 0.391265
4721 0.39127
4722 0.391274
4723 0.391278
4724 0.391283
4725 0.391287
4726 0.391384
4727 0.39148
4728 0.391576
4729 0.391673
4730 0.391769
4731 0.391783
4732 0.391796
4733 0.39181
4734 0.391823
4735 0.391837
4736 0.391942
4737 0.392048
4738 0.392154
4739 0.392259
4740 0.392365
4741 0.392386
4742 0.392407
4743 0.392428
4744 0.39245
4745 0.392471
4746 0.392492
4747 0.392513
4748 0.392534
4749 0.392556
4750 0.392577
4751 0.392671
4752 0.392766
4753 0.39286
4754 0.392955
4755 0.393049
4756 0.393052
4757 0.393054
4758 0.393057
4759 0.393059
4760 0.393061
4761 0.393158
4762 0.393254
4763 0.393351
4764 0.393447
4765 0.393544
4766 0.393548
4767 0.393553
4768 0.393557
4769 0.393561
4770 0.393566
4771 0.39358
4772 0.393594
4773 0.393607
4774 0.393621
4775 0.393635
4776 0.393741
4777 0.393847
4778 0.393953
4779 0.39406
4780 0.394166
4781 0.394177
4782 0.394189
4783 0.394201
4784 0.394213
4785 0.394225
4786 0.394237
4787 0.394248
4788 0.39426
4789 0.394272
4790 0.394284
4791 0.394287
4792 0.39429
4793 0.394293
4794 0.394296
4795 0.3943
4796 0.394303
4797 0.394306
4798 0.394309
4799 0.394312
4800 0.394315
4801 0.394411
4802 0.394506
4803 0.394601
4804 0.394696
4805 0.394792
4806 0.394795
4807 0.394798
4808 0.394801
4809 0.394804
4810 0.394807
4811 0.3949
4812 0.394994
4813 0.395087
4814 0.395181
4815 0.395274
4816 0.395275
4817 0.395276
4818 0.395277
4819 0.395279
4820 0.39528
4821 0.395394
4822 0.395508
4823 0.395622
4824 0.395737
4825 0.395851
4826 0.395873
4827 0.395895
4828 0.395917
4829 0.395939
4830 0.395961
4831 0.396056
4832 0.39615
4833 0.396245
4834 0.39634
4835 0.396434
4836 0.39653
4837 0.396625
4838 0.396721
4839 0.396816
4840 0.396912
4841 0.396912
4842 0.396912
4843 0.396911
4844 0.39691
4845 0.396908
4846 0.396998
4847 0.397087
4848 0.397175
4849 0.397262
4850 0.397349
4851 0.397334
4852 0.397319
4853 0.397302
4854 0.397285
4855 0.397267
4856 0.397341
4857 0.397414
4858 0.397487
4859 0.397559
4860 0.397631
4861 0.397723
4862 0.397814
4863 0.397905
4864 0.397996
4865 0.398087
4866 0.398086
4867 0.398084
4868 0.398082
4869 0.39808
4870 0.398078
4871 0.398161
4872 0.398244
4873 0.398326
4874 0.398409
4875 0.398492
4876 0.398482
4877 0.398472
4878 0.398463
4879 0.398454
4880 0.398444
4881 0.398428
4882 0.398413
4883 0.398397
4884 0.398382
4885 0.398368
4886 0.398353
4887 0.398338
4888 0.398323
4889 0.398309
4890 0.398294
4891 0.398375
4892 0.398456
4893 0.398537
4894 0.398619
4895 0.398702
4896 0.398693
4897 0.398685
4898 0.398677
4899 0.39867
4900 0.398665
4901 0.398738
4902 0.398813
4903 0.398888
4904 0.398964
4905 0.399041
4906 0.399027
4907 0.399013
4908 0.398999
4909 0.398986
4910 0.398974
4911 0.399055
4912 0.399137
4913 0.399218
4914 0.399299
4915 0.39938
4916 0.399368
4917 0.399356
4918 0.399345
4919 0.399333
4920 0.399321
4921 0.399422
4922 0.399523
4923 0.399624
4924 0.399725
4925 0.399826
4926 0.399835
4927 0.399844
4928 0.399852
4929 0.399861
4930 0.39987
4931 0.399862
4932 0.399853
4933 0.399844
4934 0.399836
4935 0.399827
4936 0.399911
4937 0.399994
4938 0.400078
4939 0.400161
4940 0.400245
4941 0.40023
4942 0.400216
4943 0.400201
4944 0.400187
4945 0.400173
4946 0.400158
4947 0.400144
4948 0.400129
4949 0.400115
4950 0.400101
4951 0.40019
4952 0.40028
4953 0.400369
4954 0.400459
4955 0.400548
4956 0.400545
4957 0.400543
4958 0.40054
4959 0.400538
4960 0.400535
4961 0.400529
4962 0.400523
4963 0.400517
4964 0.400511
4965 0.400505
4966 0.400499
4967 0.400493
4968 0.400487
4969 0.400481
4970 0.400475
4971 0.400573
4972 0.400671
4973 0.400768
4974 0.400866
4975 0.400964
4976 0.400969
4977 0.400975
4978 0.40098
4979 0.400986
4980 0.400992
4981 0.400981
4982 0.400971
4983 0.400961
4984 0.400951
4985 0.400941
4986 0.400931
4987 0.40092
4988 0.40091
4989 0.4009
4990 0.40089
4991 0.400967
4992 0.401044
4993 0.401122
4994 0.401199
4995 0.401276
4996 0.401261
4997 0.401246
4998 0.401232
4999 0.401217
5000 0.401202
5001 0.401107
5002 0.401011
5003 0.400916
5004 0.400821
5005 0.400726
5006 0.400722
5007 0.400719
5008 0.400716
5009 0.400713
5010 0.40071
5011 0.400705
5012 0.400701
5013 0.400697
5014 0.400693
5015 0.400688
5016 0.400684
5017 0.40068
5018 0.400675
5019 0.400671
5020 0.400667
5021 0.400648
5022 0.40063
5023 0.400612
5024 0.400593
5025 0.400575
5026 0.400464
5027 0.400354
5028 0.400243
5029 0.400133
5030 0.400022
5031 0.400021
5032 0.400019
5033 0.400017
5034 0.400016
5035 0.400014
5036 0.399921
5037 0.399828
5038 0.399736
5039 0.399644
5040 0.399551
5041 0.399626
5042 0.3997
5043 0.399774
5044 0.399847
5045 0.399919
5046 0.39999
5047 0.40006
5048 0.400129
5049 0.400196
5050 0.400262
5051 0.400246
5052 0.40023
5053 0.400212
5054 0.400193
5055 0.400173
5056 0.400153
5057 0.400132
5058 0.400111
5059 0.40009
5060 0.400068
5061 0.400156
5062 0.400245
5063 0.400333
5064 0.400422
5065 0.400511
5066 0.400601
5067 0.40069
5068 0.40078
5069 0.400869
5070 0.400958
5071 0.400931
5072 0.400905
5073 0.400878
5074 0.400851
5075 0.400823
5076 0.400888
5077 0.400952
5078 0.401017
5079 0.401081
5080 0.401146
5081 0.401114
5082 0.401082
5083 0.40105
5084 0.401019
5085 0.400988
5086 0.401049
5087 0.40111
5088 0.40117
5089 0.401231
5090 0.401292
5091 0.40137
5092 0.401448
5093 0.401527
5094 0.401607
5095 0.401687
5096 0.401675
5097 0.401665
5098 0.401655
5099 0.401646
5100 0.401638
5101 0.40172
5102 0.401803
5103 0.401886
5104 0.40197
5105 0.402055
5106 0.402049
5107 0.402044
5108 0.402039
5109 0.402035
5110 0.402031
5111 0.402119
5112 0.402208
5113 0.402296
5114 0.402385
5115 0.402473
5116 0.402469
5117 0.402465
5118 0.402461
5119 0.402457
5120 0.402453
5121 0.402456
5122 0.40246
5123 0.402463
5124 0.402467
5125 0.40247
5126 0.402566
5127 0.402661
5128 0.402756
5129 0.402851
5130 0.402946
5131 0.402927
5132 0.402908
5133 0.402889
5134 0.402869
5135 0.40285
5136 0.402831
5137 0.402812
5138 0.402793
5139 0.402773
5140 0.402754
5141 0.402859
5142 0.402964
5143 0.403069
5144 0.403174
5145 0.40328
5146 0.403293
5147 0.403306
5148 0.40332
5149 0.403333
5150 0.403347
5151 0.403345
5152 0.403342
5153 0.40334
5154 0.403338
5155 0.403336
5156 0.403334
5157 0.403332
5158 0.40333
5159 0.403328
5160 0.403325
5161 0.403418
5162 0.403512
5163 0.403605
5164 0.403698
5165 0.403791
5166 0.403792
5167 0.403794
5168 0.403795
5169 0.403797
5170 0.403798
5171 0.403784
5172 0.40377
5173 0.403756
5174 0.403742
5175 0.403729
5176 0.403715
5177 0.403701
5178 0.403687
5179 0.403673
5180 0.403659
5181 0.403639
5182 0.40362
5183 0.4036
5184 0.403581
5185 0.403561
5186 0.403542
5187 0.403522
5188 0.403503
5189 0.403483
5190 0.403464
5191 0.403563
5192 0.403663
5193 0.403763
5194 0.403863
5195 0.403963
5196 0.403971
5197 0.40398
5198 0.403988
5199 0.403996
5200 0.404005
5201 0.404015
5202 0.404026
5203 0.404036
5204 0.404047
5205 0.404058
5206 0.404068
5207 0.404079
5208 0.404089
5209 0.4041
5210 0.40411
5211 0.404094
5212 0.404077
5213 0.40406
5214 0.404044
5215 0.404027
5216 0.40401
5217 0.403993
5218 0.403977
5219 0.40396
5220 0.403943
5221 0.403934
5222 0.403925
5223 0.403916
5224 0.403906
5225 0.403897
5226 0.403888
5227 0.403878
5228 0.403869
5229 0.40386
5230 0.40385
5231 0.403855
5232 0.40386
5233 0.403864
5234 0.403869
5235 0.403873
5236 0.403878
5237 0.403883
5238 0.403887
5239 0.403892
5240 0.403896
5241 0.403901
5242 0.403906
5243 0.40391
5244 0.403915
5245 0.403919
5246 0.403924
5247 0.403928
5248 0.403933
5249 0.403938
5250 0.403942
5251 0.403835
5252 0.403729
5253 0.403622
5254 0.403515
5255 0.403409
5256 0.403393
5257 0.403378
5258 0.403363
5259 0.403348
5260 0.403333
5261 0.403339
5262 0.403345
5263 0.403351
5264 0.403357
5265 0.403362
5266 0.403368
5267 0.403374
5268 0.40338
5269 0.403386
5270 0.403392
5271 0.403407
5272 0.403422
5273 0.403437
5274 0.403452
5275 0.403468
5276 0.403483
5277 0.403498
5278 0.403513
5279 0.403528
5280 0.403543
5281 0.40354
5282 0.403536
5283 0.403532
5284 0.403529
5285 0.403525
5286 0.403521
5287 0.403517
5288 0.403514
5289 0.40351
5290 0.403506
5291 0.403514
5292 0.403522
5293 0.40353
5294 0.403537
5295 0.403545
5296 0.403553
5297 0.403561
5298 0.403568
5299 0.403576
5300 0.403584
5301 0.403591
5302 0.403597
5303 0.403604
5304 0.403611
5305 0.403617
5306 0.403624
5307 0.403631
5308 0.403637
5309 0.403644
5310 0.403651
5311 0.403656
5312 0.403662
5313 0.403668
5314 0.403674
5315 0.403679
5316 0.403685
5317 0.403691
5318 0.403697
5319 0.403702
5320 0.403708
5321 0.403689
5322 0.403669
5323 0.40365
5324 0.403631
5325 0.403611
5326 0.403592
5327 0.403572
5328 0.403553
5329 0.403534
5330 0.403514
5331 0.403628
5332 0.403741
5333 0.403855
5334 0.403968
5335 0.404081
5336 0.404103
5337 0.404125
5338 0.404147
5339 0.404169
5340 0.404191
5341 0.404197
5342 0.404203
5343 0.404209
5344 0.404215
5345 0.404221
5346 0.404319
5347 0.404417
5348 0.404514
5349 0.404612
5350 0.40471
5351 0.404727
5352 0.404744
5353 0.404761
5354 0.404778
5355 0.404796
5356 0.404905
5357 0.405013
5358 0.405122
5359 0.405231
5360 0.40534
5361 0.405334
5362 0.405329
5363 0.405323
5364 0.405317
5365 0.405311
5366 0.405306
5367 0.4053
5368 0.405294
5369 0.405289
5370 0.405283
5371 0.405315
5372 0.405348
5373 0.404777
5374 0.404205
5375 0.40346
5376 0.402807
5377 0.402131
5378 0.401455
5379 0.400778
5380 0.400101
5381 0.399301
5382 0.398501
5383 0.397701
5384 0.396901
5385 0.396122
5386 0.395344
5387 0.394545
5388 0.393746
5389 0.392947
5390 0.392147
5391 0.391364
5392 0.39058
5393 0.389796
5394 0.389011
5395 0.388247
5396 0.387482
5397 0.386695
5398 0.385907
5399 0.385118
5400 0.384329
5401 0.383522
5402 0.382714
5403 0.381906
5404 0.381096
5405 0.380308
5406 0.379432
5407 0.378534
5408 0.377636
5409 0.376738
5410 0.375839
5411 0.375042
5412 0.374244
5413 0.372842
5414 0.371439
5415 0.369842
5416 0.368246
5417 0.366629
5418 0.365011
5419 0.363415
5420 0.361819
5421 0.360219
5422 0.35862
5423 0.356998
5424 0.355377
5425 0.353777
5426 0.352257
5427 0.350737
5428 0.349215
5429 0.347671
5430 0.346126
5431 0.344526
5432 0.342927
5433 0.341328
5434 0.339729
5435 0.338108
5436 0.336487
5437 0.334888
5438 0.333289
5439 0.33169
5440 0.330092
5441 0.328481
5442 0.32687
5443 0.325281
5444 0.323693
5445 0.322084
5446 0.320476
5447 0.31889
5448 0.317305
5449 0.31572
5450 0.314136
5451 0.312508
5452 0.31088
5453 0.309274
5454 0.307669
5455 0.306064
5456 0.304459
5457 0.302833
5458 0.301208
5459 0.299604
5460 0.298
5461 0.296424
5462 0.294847
5463 0.293249
5464 0.291651
5465 0.290073
5466 0.288495
5467 0.286895
5468 0.285295
5469 0.283716
5470 0.282137
5471 0.280623
5472 0.279107
5473 0.277569
5474 0.276029
5475 0.274511
5476 0.272929
5477 0.271348
5478 0.269766
5479 0.268162
5480 0.266558
5481 0.264959
5482 0.263361
5483 0.261762
5484 0.260163
5485 0.258542
5486 0.256921
5487 0.255322
5488 0.253722
5489 0.252101
5490 0.25048
5491 0.248881
5492 0.247281
5493 0.245682
5494 0.244082
5495 0.242461
5496 0.240894
5497 0.239348
5498 0.237801
5499 0.236253
5500 0.234704
5501 0.233088
5502 0.231471
5503 0.229876
5504 0.22828
5505 0.226685
5506 0.225089
5507 0.223471
5508 0.221853
5509 0.220257
5510 0.21866
5511 0.217063
5512 0.215466
5513 0.213847
5514 0.212227
5515 0.21063
5516 0.209032
5517 0.207412
5518 0.205792
5519 0.204193
5520 0.202595
5521 0.200994
5522 0.199393
5523 0.19777
5524 0.196147
5525 0.194545
5526 0.192944
5527 0.191342
5528 0.18974
5529 0.188116
5530 0.186492
5531 0.184893
5532 0.183294
5533 0.181694
5534 0.180095
5535 0.178473
5536 0.176851
5537 0.175251
5538 0.17365
5539 0.172028
5540 0.170405
5541 0.168805
5542 0.167204
5543 0.165603
5544 0.164002
5545 0.162379
5546 0.160792
5547 0.159226
5548 0.157659
5549 0.156091
5550 0.154522
5551 0.152892
5552 0.151261
5553 0.149652
5554 0.148043
5555 0.146434
5556 0.144824
5557 0.143193
5558 0.141562
5559 0.139952
5560 0.138342
5561 0.136687
5562 0.135033
5563 0.133401
5564 0.13177
5565 0.130139
5566 0.128537
5567 0.126913
5568 0.125289
5569 0.123686
5570 0.122084
5571 0.120482
5572 0.11888
5573 0.117256
5574 0.115631
5575 0.114028
5576 0.112425
5577 0.110821
5578 0.109217
5579 0.107591
5580 0.105964
5581 0.104349
5582 0.102734
5583 0.101119
5584 0.0995033
5585 0.0978661
5586 0.0962289
5587 0.0946135
5588 0.0929981
5589 0.0913608
5590 0.0897235
5591 0.0881118
5592 0.0864999
5593 0.0848879
5594 0.0832758
5595 0.0816416
5596 0.0799892
5597 0.0783592
5598 0.0767298
5599 0.0751009
5600 0.0734726
5601 0.0718438
5602 0.0702147
5603 0.068607
5604 0.066999
5605 0.0653905
5606 0.0637817
5607 0.0621507
5608 0.0605193
5609 0.0589094
5610 0.0572991
5611 0.0556621
5612 0.054025
5613 0.0524097
5614 0.0507942
5615 0.0491786
5616 0.0475522
5617 0.0459045
5618 0.0442574
5619 0.0426328
5620 0.0410088
5621 0.0401803
5622 0.0393517
5623 0.0385449
5624 0.037738
5625 0.0369092
5626 0.0360804
5627 0.0352734
5628 0.0344664
5629 0.0336374
5630 0.0328084
5631 0.0320035
5632 0.0311985
5633 0.0303715
5634 0.0295442
5635 0.0287387
5636 0.027933
5637 0.0271053
5638 0.0262774
5639 0.0254493
5640 0.024621
5641 0.0238084
5642 0.022996
5643 0.0221621
5644 0.0213283
5645 0.0205167
5646 0.0197097
5647 0.0188808
5648 0.0180518
5649 0.0172445
5650 0.0164371
5651 0.0156077
5652 0.0147781
5653 0.0139485
5654 0.0131187
5655 0.0123106
5656 0.0115025
5657 0.0106723
5658 0.009842
5659 0.00903346
5660 0.00822479
5661 0.00739441
5662 0.00656383
5663 0.00575495
5664 0.00494588
5665 0.00411474
5666 0.00328341
5667 0.00247378
5668 0.00166397
5669 0.000832081
